Frame;TimeStamp;Detect
1;19.22440218925476;0
2;22.178287506103516;0
3;22.192713022232056;0
4;22.219525575637817;0
5;22.24999189376831;0
6;22.281494855880737;0
7;22.31363272666931;0
8;22.342915534973145;0
9;22.392210483551025;0
10;22.426457405090332;0
11;22.459311723709106;0
12;22.492924690246582;0
13;22.52258539199829;0
14;22.55489945411682;0
15;22.574103832244873;0
16;22.60607933998108;0
17;22.65097165107727;0
18;22.682204723358154;0
19;22.706695795059204;0
20;22.744022607803345;0
21;22.795237064361572;0
22;22.827087879180908;0
23;22.857245445251465;0
24;22.88033890724182;0
25;22.924128532409668;0
26;22.957448959350586;0
27;22.989296436309814;0
28;23.00981616973877;0
29;23.05081844329834;0
30;23.084431409835815;0
31;23.11612367630005;0
32;23.153593063354492;0
33;23.19425082206726;0
34;23.23052978515625;0
35;23.264568567276;0
36;23.295928239822388;0
37;23.326362133026123;0
38;23.361852169036865;0
39;23.383700847625732;0
40;23.411521911621094;0
41;23.441593885421753;0
42;23.473819971084595;0
43;23.508421897888184;0
44;23.543378353118896;0
45;23.59337019920349;0
46;23.615258932113647;0
47;23.645353078842163;0
48;23.680662393569946;0
49;23.709065675735474;0
50;23.74474000930786;0
51;23.775471448898315;0
52;23.80863642692566;0
53;23.839515686035156;0
54;23.885712385177612;0
55;23.913519859313965;0
56;23.948692083358765;0
57;23.99511432647705;0
58;24.025866746902466;0
59;24.059112787246704;0
60;24.091114282608032;0
61;24.124927759170532;0
62;24.15702509880066;0
63;24.191468715667725;0
64;24.21607518196106;0
65;24.4846248626709;0
66;24.50011682510376;0
67;24.5108904838562;0
68;24.541603088378906;0
69;24.573553323745728;0
70;24.608932971954346;0
71;24.642342567443848;0
72;24.673722505569458;0
73;24.709260940551758;0
74;24.74230432510376;0
75;24.792457580566406;0
76;24.825587034225464;0
77;24.858430862426758;0
78;24.89091682434082;0
79;24.91234588623047;0
80;24.943483352661133;0
81;24.976504802703857;0
82;25.0172221660614;0
83;25.046311378479004;0
84;25.073725700378418;0
85;25.111822843551636;0
86;25.148412704467773;0
87;25.18625497817993;0
88;25.22040033340454;0
89;25.250720739364624;0
90;25.285468339920044;0
91;25.323472023010254;0
92;25.35541272163391;0
93;25.37711501121521;0
94;25.410979509353638;0
95;25.43838930130005;0
96;25.47447967529297;0
97;25.507550716400146;0
98;25.54129195213318;0
99;25.591267347335815;0
100;25.625741004943848;0
101;25.663089990615845;0
102;25.679009914398193;0
103;25.70926332473755;0
104;25.758874654769897;0
105;25.783427953720093;0
106;25.806078672409058;0
107;25.840925693511963;0
108;25.87342119216919;0
109;25.907873392105103;0
110;25.94201636314392;0
111;25.996140003204346;0
112;26.023536682128906;0
113;26.059879541397095;0
114;26.08939480781555;0
115;26.124447107315063;0
116;26.154762744903564;0
117;26.18757724761963;0
118;26.23726987838745;0
119;26.26093864440918;0
120;26.281532526016235;0
121;26.312901973724365;0
122;26.33305597305298;0
123;26.38027048110962;0
124;26.41486358642578;0
125;26.457090377807617;0
126;26.484397172927856;0
127;26.510520696640015;0
128;26.550041437149048;0
129;26.576903581619263;0
130;26.61717939376831;0
131;26.638447284698486;0
132;26.676061391830444;0
133;26.708863019943237;0
134;26.74161124229431;0
135;26.790507793426514;0
136;26.82505512237549;0
137;26.85873317718506;0
138;26.889490842819214;0
139;26.925159215927124;0
140;26.958972692489624;0
141;26.988333225250244;0
142;27.019742488861084;0
143;27.05299139022827;0
144;27.08458113670349;0
145;27.1133394241333;0
146;27.148685216903687;0
147;27.19872260093689;0
148;27.214744091033936;0
149;27.26223921775818;0
150;27.292919635772705;0
151;27.323715925216675;0
152;27.34277105331421;0
153;27.39846897125244;0
154;27.416872024536133;0
155;27.44086480140686;0
156;27.47224712371826;0
157;27.512377500534058;0
158;27.5637104511261;0
159;27.581724882125854;0
160;27.61393666267395;0
161;27.649851083755493;0
162;27.68790864944458;0
163;27.72466731071472;0
164;27.759326696395874;0
165;27.77672815322876;0
166;27.807209014892578;0
167;27.84073305130005;0
168;27.87573504447937;0
169;27.9076144695282;0
170;27.962963342666626;0
171;27.99223256111145;0
172;28.024719953536987;0
173;28.063555240631104;0
174;28.078349113464355;0
175;28.11251926422119;0
176;28.142348766326904;0
177;28.17448854446411;0
178;28.207273721694946;0
179;28.25248622894287;0
180;28.280020713806152;0
181;28.30747628211975;0
182;28.365697622299194;0
183;28.39220404624939;0
184;28.424525260925293;0
185;28.458075523376465;0
186;28.489635229110718;0
187;28.522053241729736;0
188;28.557679176330566;0
189;28.574023962020874;0
190;28.60715937614441;0
191;28.64686155319214;0
192;28.6746666431427;0
193;28.707414388656616;0
194;28.756635904312134;0
195;28.785635948181152;0
196;28.815157890319824;0
197;28.845810651779175;0
198;28.881997108459473;0
199;28.909653663635254;0
200;28.95345950126648;0
201;28.977127075195312;0
202;29.019187211990356;0
203;29.050615072250366;0
204;29.081502437591553;0
205;29.11348819732666;0
206;29.16225266456604;0
207;29.190746784210205;0
208;29.225663900375366;0
209;29.258814811706543;0
210;29.278061151504517;0
211;29.309955596923828;0
212;29.35490608215332;0
213;29.38668417930603;0
214;29.4186053276062;0
215;29.44952893257141;0
216;29.48274064064026;0
217;29.512476444244385;0
218;29.56282091140747;0
219;29.591933250427246;0
220;29.62552499771118;0
221;29.657562494277954;0
222;29.6899197101593;0
223;29.721324920654297;0
224;29.754595041275024;0
225;29.786181449890137;0
226;29.808438539505005;0
227;29.84974193572998;0
228;29.886162996292114;0
229;29.908367156982422;0
230;29.955420970916748;0
231;29.982051849365234;0
232;30.014904975891113;0
233;30.05875277519226;0
234;30.09098196029663;0
235;30.121165990829468;0
236;30.155548810958862;0
237;30.186121225357056;0
238;30.223944187164307;0
239;30.248432397842407;0
240;30.27590847015381;0
241;30.30756711959839;0
242;30.356194019317627;0
243;30.382100820541382;0
244;30.417490005493164;0
245;30.446372270584106;0
246;30.47916316986084;0
247;30.523355960845947;0
248;30.55887508392334;0
249;30.5758318901062;0
250;30.607089519500732;0
251;30.649974584579468;0
252;30.68755865097046;0
253;30.70803451538086;0
254;30.762884378433228;0
255;30.7918860912323;0
256;30.824997901916504;0
257;30.85855746269226;0
258;30.889453649520874;0
259;30.922505855560303;0
260;30.9582417011261;0
261;30.976476669311523;0
262;31.01616072654724;0
263;31.049108266830444;0
264;31.078845739364624;0
265;31.113362789154053;0
266;31.159371376037598;0
267;31.192018032073975;0
268;31.223721027374268;0
269;31.246183156967163;0
270;31.288854598999023;0
271;31.32593607902527;0
272;31.357653617858887;0
273;31.376948356628418;0
274;31.40845274925232;0
275;31.453898668289185;0
276;31.477553129196167;0
277;31.507840156555176;0
278;31.56460452079773;0
279;31.59172797203064;0
280;31.624781608581543;0
281;31.65798330307007;0
282;31.69123601913452;0
283;31.725605249404907;0
284;31.761332750320435;0
285;31.77798366546631;0
286;31.812289714813232;0
287;31.840484857559204;0
288;31.877871990203857;0
289;31.908398389816284;0
290;31.957219123840332;0
291;31.994840145111084;0
292;32.02413749694824;0
293;32.06153631210327;0
294;32.07921242713928;0
295;32.11139130592346;0
296;32.14207482337952;0
297;32.17745494842529;0
298;32.20560836791992;0
299;32.25096607208252;1
300;32.28001260757446;1
301;32.3072624206543;1
302;32.367167949676514;1
303;32.3898983001709;1
304;32.424580097198486;1
305;32.446290731430054;1
306;32.49100995063782;1
307;32.52128601074219;1
308;32.556626319885254;1
309;32.57879066467285;1
310;32.605963468551636;1
311;32.641180753707886;1
312;32.67381429672241;1
313;32.70684623718262;1
314;32.76441836357117;1
315;32.79150056838989;1
316;32.824968576431274;1
317;32.85817527770996;1
318;32.89389419555664;1
319;32.923712491989136;0
320;32.95325469970703;0
321;32.98058342933655;0
322;33.016515493392944;0
323;33.05076599121094;0
324;33.079570293426514;0
325;33.1382896900177;0
326;33.160470485687256;0
327;33.191466093063354;0
328;33.22432541847229;0
329;33.26102352142334;0
330;33.290574073791504;0
331;33.31124782562256;0
332;33.35758185386658;0
333;33.38020586967468;0
334;33.40828728675842;0
335;33.451648235321045;0
336;33.48055028915405;0
337;33.53105163574219;0
338;33.56172227859497;0
339;33.582858085632324;0
340;33.614006996154785;0
341;33.65628147125244;0
342;33.69035482406616;0
343;33.72460317611694;0
344;33.75477647781372;0
345;33.782583475112915;0
346;33.80966091156006;0
347;33.84109830856323;0
348;33.88096618652344;0
349;33.932384967803955;0
350;33.959972620010376;0
351;33.99256253242493;0
352;34.02449703216553;0
353;34.05817985534668;0
354;34.090081453323364;0
355;34.121410608291626;0
356;34.153403997421265;1
357;34.18139028549194;1
358;34.224544286727905;1
359;34.25184464454651;1
360;34.28257417678833;1
361;34.330713510513306;1
362;34.35809373855591;1
363;34.391366481781006;1
364;34.42460107803345;1
365;34.456685304641724;1
366;34.49005579948425;1
367;34.52312898635864;1
368;34.55628800392151;1
369;34.581071853637695;1
370;34.60712218284607;1
371;34.65592670440674;0
372;34.682061433792114;0
373;34.726051330566406;0
374;34.755422830581665;0
375;34.79066491127014;0
376;34.82415509223938;0
377;34.85765314102173;0
378;34.89009213447571;0
379;34.921443462371826;0
380;34.95472264289856;0
381;34.98260235786438;0
382;35.01889204978943;0
383;35.04961609840393;0
384;35.081761598587036;0
385;35.158517599105835;0
386;35.17253661155701;0
387;35.1919219493866;0
388;35.2234046459198;0
389;35.25653791427612;0
390;35.28986406326294;0
391;35.32353591918945;0
392;35.354284048080444;0
393;35.382951974868774;0
394;35.418524980545044;0
395;35.44972276687622;0
396;35.48832082748413;0
397;35.53135943412781;0
398;35.556466579437256;0
399;35.59080982208252;0
400;35.621811628341675;0
401;35.663984537124634;0
402;35.69081401824951;0
403;35.72358226776123;0
404;35.7578022480011;0
405;35.78392815589905;0
406;35.808300495147705;0
407;35.84063649177551;0
408;35.88123822212219;0
409;35.92249155044556;0
410;35.95941758155823;0
411;35.991490602493286;0
412;36.024120807647705;0
413;36.05764865875244;0
414;36.089813232421875;0
415;36.11280083656311;0
416;36.15415620803833;0
417;36.19014000892639;0
418;36.217982053756714;0
419;36.2408287525177;0
420;36.284385204315186;0
421;36.323816776275635;0
422;36.35662794113159;0
423;36.390135049819946;0
424;36.414002656936646;0
425;36.45795965194702;0
426;36.48968839645386;0
427;36.52159261703491;0
428;36.54321360588074;0
429;36.57422637939453;0
430;36.606374740600586;0
431;36.65516996383667;0
432;36.68245553970337;0
433;36.7299325466156;0
434;36.7562370300293;0
435;36.789510011672974;0
436;36.822282791137695;0
437;36.857868909835815;0
438;36.89097809791565;0
439;36.92434740066528;0
440;36.94335913658142;0
441;36.98493409156799;0
442;37.01675295829773;0
443;37.05280900001526;0
444;37.0837025642395;0
445;37.12920570373535;0
446;37.16131901741028;0
447;37.18945288658142;0
448;37.21424984931946;0
449;37.2575421333313;0
450;37.294758319854736;0
451;37.323057413101196;0
452;37.35396647453308;0
453;37.390652656555176;0
454;37.419743061065674;0
455;37.451594829559326;0
456;37.483277320861816;0
457;37.523598194122314;0
458;37.5644166469574;0
459;37.587172985076904;0
460;37.62534689903259;0
461;37.65740251541138;1
462;37.68952202796936;1
463;37.72290635108948;1
464;37.75662565231323;1
465;37.78593969345093;1
466;37.81508469581604;1
467;37.85333228111267;1
468;37.88339567184448;1
469;37.923105239868164;1
470;37.95648455619812;1
471;37.987430810928345;1
472;38.024112701416016;1
473;38.05705165863037;1
474;38.08934998512268;1
475;38.1218318939209;1
476;38.1538348197937;1
477;38.18758583068848;1
478;38.21844530105591;1
479;38.250935316085815;1
480;38.28191518783569;1
481;38.33372712135315;1
482;38.355924129486084;1
483;38.388185262680054;0
484;38.42161250114441;0
485;38.45701551437378;0
486;38.491387128829956;0
487;38.52668046951294;0
488;38.543243169784546;0
489;38.57336664199829;0
490;38.60723042488098;0
491;38.638246297836304;0
492;38.68890881538391;0
493;38.730924129486084;0
494;38.763601541519165;0
495;38.79012155532837;0
496;38.82292366027832;0
497;38.85730266571045;0
498;38.88974475860596;0
499;38.92213463783264;0
500;38.95446562767029;0
501;38.98524832725525;0
502;39.01820755004883;0
503;39.05088973045349;0
504;39.09211492538452;0
505;39.1304566860199;0
506;39.15847706794739;0
507;39.19090533256531;0
508;39.223772048950195;0
509;39.25927233695984;0
510;39.29023575782776;0
511;39.32184863090515;0
512;39.354689598083496;0
513;39.37640929222107;0
514;39.41520929336548;0
515;39.440568923950195;0
516;39.49124264717102;0
517;39.52249813079834;0
518;39.56655693054199;0
519;39.58943033218384;0
520;39.61385941505432;0
521;39.64615607261658;0
522;39.69143891334534;0
523;39.723045110702515;0
524;39.74561142921448;0
525;39.795260429382324;0
526;39.820261001586914;0
527;39.839821100234985;0
528;39.890448331832886;0
529;39.923638582229614;0
530;39.9597692489624;1
531;39.98767590522766;1
532;40.022425413131714;1
533;40.05732870101929;1
534;40.09164786338806;1
535;40.1228141784668;1
536;40.15382099151611;1
537;40.185537815093994;1
538;40.218005657196045;1
539;40.2514967918396;1
540;40.290703535079956;1
541;40.33072376251221;1
542;40.362653493881226;1
543;40.39222264289856;1
544;40.4245719909668;1
545;40.455747842788696;1
546;40.49222421646118;1
547;40.5194046497345;1
548;40.54782843589783;1
549;40.57321500778198;1
550;40.61784219741821;1
551;40.64473628997803;1
552;40.692503690719604;1
553;40.72296380996704;1
554;40.75765919685364;1
555;40.78984570503235;1
556;40.821619510650635;1
557;40.871716260910034;1
558;40.893394947052;1
559;40.91091847419739;1
560;40.94397807121277;1
561;40.97451043128967;1
562;41.00901246070862;1
563;41.03851366043091;1
564;41.092445850372314;1
565;41.13001751899719;1
566;41.16271924972534;1
567;41.19386172294617;1
568;41.223637342453;1
569;41.25493788719177;1
570;41.27837634086609;1
571;41.31041765213013;0
572;41.34231638908386;0
573;41.37441444396973;0
574;41.40735983848572;0
575;41.44105052947998;0
576;41.49430990219116;0
577;41.52208614349365;0
578;41.56181740760803;0
579;41.58761382102966;0
580;41.62217569351196;0
581;41.65764093399048;0
582;41.68798470497131;0
583;41.71148610115051;0
584;41.74269199371338;0
585;41.774404525756836;0
586;41.80783796310425;0
587;41.84976887702942;0
588;41.894858837127686;0
589;41.92984127998352;0
590;41.955897092819214;0
591;41.99500370025635;0
592;42.027751207351685;0
593;42.06912446022034;0
594;42.08988857269287;0
595;42.11022353172302;0
596;42.15425395965576;0
597;42.176886320114136;0
598;42.210795402526855;0
599;42.241859912872314;0
600;42.289281129837036;0
601;42.321897745132446;0
602;42.3539023399353;0
603;42.390918493270874;0
604;42.4221031665802;0
605;42.455443143844604;0
606;42.49096655845642;0
607;42.518086194992065;0
608;42.55475306510925;0
609;42.57372331619263;0
610;42.609185457229614;0
611;42.63888216018677;0
612;42.70872354507446;0
613;42.72455978393555;0
614;42.755547285079956;0
615;42.78306269645691;0
616;42.81362175941467;0
617;42.855082750320435;0
618;42.87846612930298;0
619;42.91033744812012;0
620;42.94646143913269;0
621;42.97845768928528;0
622;43.0089750289917;0
623;43.03951930999756;0
624;43.08626627922058;0
625;43.122840881347656;0
626;43.15583825111389;0
627;43.181177854537964;0
628;43.21600389480591;0
629;43.24611735343933;0
630;43.27850914001465;0
631;43.30912494659424;0
632;43.34457445144653;0
633;43.37264847755432;0
634;43.4084198474884;0
635;43.4405460357666;0
636;43.49929857254028;0
637;43.53186845779419;0
638;43.558900356292725;0
639;43.590474367141724;0
640;43.62055706977844;0
641;43.64624357223511;0
642;43.690457820892334;0
643;43.72221660614014;0
644;43.756263971328735;0
645;43.78960728645325;0
646;43.810999155044556;0
647;43.83824872970581;0
648;43.906665086746216;0
649;43.92178153991699;0
650;43.95546817779541;0
651;43.99117112159729;0
652;44.02163743972778;0
653;44.05462718009949;0
654;44.089468240737915;0
655;44.11141586303711;0
656;44.14359641075134;0
657;44.17448687553406;0
658;44.20729470252991;0
659;44.239681005477905;1
660;44.288610219955444;1
661;44.321473360061646;1
662;44.35393142700195;1
663;44.392746925354004;1
664;44.422186613082886;1
665;44.45408749580383;1
666;44.49421191215515;1
667;44.52335047721863;1
668;44.55525732040405;1
669;44.58258414268494;1
670;44.61517143249512;1
671;44.654131174087524;1
672;44.68813109397888;0
673;44.733373403549194;0
674;44.756590127944946;0
675;44.78896880149841;0
676;44.83590912818909;0
677;44.8580048084259;0
678;44.88136410713196;0
679;44.909642696380615;0
680;44.95534801483154;0
681;44.98879361152649;0
682;45.01741671562195;0
683;45.06760931015015;0
684;45.09763169288635;0
685;45.12949728965759;0
686;45.16162872314453;0
687;45.19900894165039;0
688;45.22336506843567;0
689;45.25828528404236;0
690;45.28857636451721;0
691;45.32418465614319;0
692;45.35493016242981;0
693;45.38565111160278;0
694;45.40839338302612;0
695;45.45711374282837;0
696;45.48748278617859;0
697;45.51838994026184;0
698;45.55833983421326;0
699;45.58171486854553;0
700;45.61379957199097;0
701;45.67848777770996;0
702;45.69314479827881;0
703;45.712857723236084;0
704;45.75418949127197;0
705;45.77634358406067;0
706;45.8185658454895;1
707;45.86789155006409;1
708;45.89292907714844;1
709;45.92140984535217;1
710;45.95553922653198;0
711;45.99421787261963;0
712;46.02249836921692;0
713;46.05600380897522;0
714;46.08899259567261;0
715;46.12142872810364;0
716;46.15416240692139;0
717;46.17845940589905;0
718;46.218512535095215;0
719;46.25649118423462;0
720;46.29829740524292;0
721;46.326860427856445;0
722;46.35572409629822;0
723;46.388415813446045;0
724;46.426966190338135;0
725;46.458080768585205;0
726;46.48822784423828;0
727;46.52286648750305;0
728;46.55397319793701;0
729;46.58525323867798;0
730;46.61919021606445;0
731;46.66765069961548;0
732;46.6973762512207;0
733;46.72826790809631;0
734;46.76664972305298;0
735;46.78730225563049;0
736;46.825058937072754;0
737;46.85962629318237;0
738;46.89004135131836;0
739;46.922362327575684;0
740;46.954673290252686;0
741;46.98573637008667;0
742;47.02193212509155;0
743;47.056336879730225;0
744;47.09778141975403;0
745;47.12164282798767;0
746;47.16267275810242;0
747;47.194743633270264;0
748;47.22666382789612;0
749;47.25500798225403;0
750;47.29202651977539;0
751;47.32128381729126;0
752;47.35505390167236;0
753;47.38687705993652;0
754;47.407769441604614;0
755;47.47180891036987;0
756;47.49929451942444;0
757;47.52938151359558;0
758;47.56250786781311;0
759;47.58816885948181;0
760;47.62269067764282;0
761;47.655521392822266;0
762;47.689035415649414;0
763;47.72140049934387;0
764;47.75338268280029;0
765;47.78749632835388;0
766;47.818196296691895;0
767;47.870572328567505;0
768;47.898927211761475;0
769;47.92092275619507;0
770;47.96199941635132;0
771;47.98780560493469;0
772;48.02157187461853;0
773;48.0553252696991;0
774;48.081971883773804;0
775;48.119290828704834;0
776;48.14304065704346;0
777;48.176186323165894;0
778;48.21079230308533;0
779;48.25500798225403;0
780;48.30277729034424;1
781;48.326451539993286;1
782;48.354992628097534;1
783;48.38776707649231;1
784;48.42246890068054;1
785;48.45538640022278;1
786;48.48797106742859;1
787;48.523056983947754;1
788;48.554460525512695;1
789;48.57382798194885;1
790;48.61036801338196;1
791;48.6539466381073;1
792;48.697179555892944;1
793;48.73132038116455;1
794;48.76515793800354;0
795;48.79491710662842;0
796;48.822391986846924;0
797;48.85584568977356;0
798;48.888853788375854;0
799;48.92134976387024;0
800;48.95450448989868;0
801;48.986143827438354;0
802;49.01179599761963;0
803;49.066909313201904;0
804;49.088496685028076;0
805;49.132744550704956;0
806;49.153303146362305;0
807;49.19263696670532;0
808;49.22158885002136;0
809;49.25470495223999;0
810;49.288987159729004;0
811;49.32452154159546;0
812;49.356520652770996;0
813;49.38583850860596;0
814;49.41510534286499;0
815;49.46971321105957;0
816;49.49893832206726;0
817;49.52930283546448;0
818;49.564605712890625;0
819;49.59156084060669;1
820;49.62213110923767;1
821;49.65555763244629;1
822;49.68765211105347;1
823;49.72122383117676;1
824;49.75434350967407;1
825;49.78522276878357;1
826;49.82082414627075;1
827;49.86344289779663;1
828;49.899535179138184;1
829;49.93034076690674;0
830;49.96523571014404;0
831;49.98837876319885;0
832;50.02359485626221;0
833;50.05330562591553;0
834;50.08855319023132;0
835;50.12415385246277;0
836;50.153968811035156;0
837;50.17526435852051;0
838;50.22132325172424;0
839;50.253584146499634;0
840;50.285396575927734;0
841;50.320300579071045;0
842;50.352863073349;0
843;50.39904308319092;0
844;50.41839599609375;0
845;50.44698667526245;0
846;50.48117017745972;0
847;50.51357674598694;0
848;50.542795181274414;0
849;50.57512426376343;0
850;50.62677502632141;0
851;50.65407848358154;1
852;50.693251848220825;1
853;50.72045540809631;1
854;50.754287004470825;1
855;50.79588508605957;1
856;50.82760000228882;1
857;50.85910487174988;1
858;50.887810707092285;1
859;50.92489504814148;1
860;50.943530559539795;1
861;50.985795974731445;1
862;51.03564500808716;1
863;51.065786361694336;0
864;51.09842896461487;0
865;51.129496335983276;0
866;51.162747859954834;0
867;51.19587516784668;0
868;51.2252721786499;0
869;51.25451135635376;0
870;51.29066276550293;0
871;51.31950235366821;0
872;51.34201955795288;0
873;51.37535834312439;0
874;51.435792684555054;0
875;51.46568179130554;0
876;51.498507022857666;0
877;51.521016120910645;0
878;51.565173864364624;0
879;51.587117195129395;0
880;51.62274098396301;0
881;51.65844249725342;0
882;51.68964862823486;0
883;51.72176671028137;0
884;51.75288486480713;0
885;51.77624869346619;0
886;51.83794379234314;0
887;51.86539936065674;0
888;51.888580322265625;0
889;51.93062949180603;1
890;51.958274364471436;1
891;51.98696970939636;1
892;52.01975870132446;1
893;52.06578969955444;1
894;52.07825231552124;1
895;52.115957736968994;1
896;52.14215326309204;1
897;52.188626766204834;1
898;52.23366379737854;1
899;52.265690088272095;1
900;52.28818106651306;1
901;52.3317711353302;1
902;52.35286569595337;1
903;52.38795757293701;0
904;52.422025203704834;0
905;52.452385663986206;0
906;52.47837042808533;0
907;52.524574518203735;0
908;52.55941295623779;0
909;52.577841997146606;0
910;52.63754677772522;0
911;52.655351877212524;0
912;52.69834303855896;0
913;52.72612905502319;0
914;52.76205229759216;0
915;52.79874563217163;0
916;52.82904291152954;0
917;52.855430603027344;0
918;52.88818025588989;0
919;52.920443534851074;0
920;52.95480823516846;0
921;52.98563742637634;0
922;53.03585147857666;0
923;53.06690573692322;0
924;53.08845138549805;0
925;53.13011908531189;0
926;53.16517949104309;0
927;53.198723793029785;0
928;53.2238986492157;0
929;53.255635261535645;0
930;53.28831171989441;0
931;53.32136249542236;0
932;53.3536114692688;0
933;53.38741064071655;0
934;53.43450450897217;0
935;53.45741367340088;0
936;53.48665642738342;0
937;53.52159261703491;0
938;53.55122423171997;0
939;53.58753323554993;0
940;53.62423253059387;0
941;53.65619230270386;0
942;53.68771243095398;0
943;53.723225593566895;0
944;53.75397253036499;1
945;53.790586948394775;1
946;53.83681035041809;1
947;53.86615347862244;1
948;53.898436069488525;1
949;53.92249059677124;0
950;53.964521646499634;0
951;53.994075775146484;0
952;54.02358078956604;0
953;54.0547993183136;0
954;54.088085889816284;0
955;54.124295234680176;0
956;54.1540584564209;0
957;54.18722200393677;0
958;54.23682880401611;0
959;54.26586627960205;0
960;54.2984938621521;0
961;54.3259117603302;0
962;54.36096715927124;0
963;54.39494752883911;0
964;54.42703437805176;0
965;54.45446062088013;0
966;54.494874477386475;0
967;54.52397322654724;0
968;54.56059789657593;0
969;54.5772659778595;0
970;54.63756346702576;0
971;54.665887117385864;0
972;54.70191669464111;0
973;54.727240562438965;0
974;54.76513910293579;0
975;54.79036235809326;0
976;54.81662702560425;0
977;54.85381817817688;1
978;54.89275121688843;1
979;54.921093463897705;0
980;54.95321226119995;0
981;54.974777698516846;0
982;55.02457022666931;0
983;55.054539918899536;0
984;55.08685755729675;0
985;55.12547326087952;0
986;55.16356587409973;0
987;55.18648862838745;0
988;55.22505331039429;0
989;55.25277781486511;0
990;55.28760385513306;0
991;55.3198344707489;0
992;55.35249900817871;0
993;55.3865749835968;0
994;55.42916965484619;0
995;55.45493793487549;0
996;55.48691153526306;0
997;55.5278902053833;0
998;55.568299531936646;0
999;55.58561897277832;0
1000;55.61978840827942;0
1001;55.65312314033508;0
1002;55.676581382751465;0
1003;55.71962857246399;0
1004;55.75337314605713;0
1005;55.80264735221863;0
1006;55.825785875320435;0
1007;55.86241817474365;0
1008;55.8979115486145;0
1009;55.92695164680481;0
1010;55.95207953453064;0
1011;55.9844491481781;0
1012;56.01975703239441;0
1013;56.054890871047974;0
1014;56.087767362594604;0
1015;56.11969995498657;0
1016;56.15464472770691;0
1017;56.20697855949402;0
1018;56.22568130493164;0
1019;56.26762795448303;0
1020;56.29949617385864;0
1021;56.327025413513184;0
1022;56.3600811958313;0
1023;56.38630962371826;0
1024;56.42207622528076;0
1025;56.454679012298584;0
1026;56.487650632858276;0
1027;56.52014493942261;0
1028;56.55979561805725;0
1029;56.59104919433594;0
1030;56.62609076499939;0
1031;56.654820919036865;0
1032;56.68797993659973;0
1033;56.72044253349304;0
1034;56.76177501678467;0
1035;56.792670488357544;0
1036;56.82731342315674;0
1037;56.862093925476074;0
1038;56.878201961517334;0
1039;56.91021490097046;0
1040;56.94216823577881;0
1041;57.00481414794922;0
1042;57.03789281845093;0
1043;57.07373833656311;0
1044;57.09923553466797;0
1045;57.12666153907776;0
1046;57.16457986831665;0
1047;57.195536375045776;0
1048;57.22850847244263;0
1049;57.25858926773071;0
1050;57.287625789642334;0
1051;57.32091498374939;0
1052;57.35399341583252;0
1053;57.40438723564148;0
1054;57.435569286346436;0
1055;57.4654426574707;0
1056;57.49289917945862;0
1057;57.51975440979004;0
1058;57.55501461029053;0
1059;57.58349013328552;0
1060;57.621034383773804;0
1061;57.65362811088562;0
1062;57.68811559677124;0
1063;57.720680236816406;0
1064;57.75763988494873;0
1065;57.79127383232117;0
1066;57.8280553817749;0
1067;57.86866116523743;0
1068;57.89960861206055;0
1069;57.92958092689514;1
1070;57.96147966384888;1
1071;57.99208664894104;1
1072;58.01941466331482;1
1073;58.06100940704346;1
1074;58.08722114562988;0
1075;58.12177896499634;0
1076;58.15407109260559;0
1077;58.201260566711426;0
1078;58.23016023635864;0
1079;58.26559853553772;0
1080;58.29899454116821;0
1081;58.32909083366394;0
1082;58.35988163948059;0
1083;58.39064836502075;0
1084;58.41933488845825;0
1085;58.46068453788757;0
1086;58.48787236213684;0
1087;58.520925521850586;0
1088;58.5540235042572;0
1089;58.603001832962036;0
1090;58.63642883300781;0
1091;58.6675009727478;0
1092;58.70283079147339;1
1093;58.73087024688721;0
1094;58.76131057739258;0
1095;58.7933304309845;0
1096;58.823591470718384;0
1097;58.85267758369446;0
1098;58.87828493118286;0
1099;58.92094588279724;0
1100;58.9530074596405;0
1101;59.00154662132263;0
1102;59.03764533996582;0
1103;59.06698966026306;0
1104;59.09848070144653;0
1105;59.136093616485596;0
1106;59.1601779460907;0
1107;59.19770669937134;0
1108;59.226550817489624;0
1109;59.259373903274536;0
1110;59.287389039993286;0
1111;59.322856426239014;0
1112;59.35342192649841;0
1113;59.402520418167114;0
1114;59.43771481513977;0
1115;59.45534133911133;0
1116;59.48734498023987;0
1117;59.51946997642517;0
1118;59.55271649360657;0
1119;59.58848595619202;0
1120;59.62012195587158;0
1121;59.65265226364136;0
1122;59.68559551239014;0
1123;59.71054649353027;0
1124;59.753435134887695;0
1125;59.80241250991821;0
1126;59.8227813243866;0
1127;59.86856818199158;0
1128;59.897793769836426;0
1129;59.91831588745117;0
1130;59.95009779930115;0
1131;59.99482798576355;0
1132;60.0308096408844;0
1133;60.059160470962524;0
1134;60.087225914001465;0
1135;60.119996786117554;0
1136;60.152767181396484;0
1137;60.19032526016235;0
1138;60.23427653312683;0
1139;60.2674880027771;0
1140;60.298014640808105;0
1141;60.33040142059326;0
1142;60.36371612548828;0
1143;60.396140813827515;0
1144;60.42537569999695;0
1145;60.45349478721619;0
1146;60.486111640930176;0
1147;60.52061629295349;0
1148;60.55443000793457;0
1149;60.602744817733765;0
1150;60.63749074935913;0
1151;60.66543531417847;0
1152;60.69775438308716;0
1153;60.73090076446533;0
1154;60.76124048233032;0
1155;60.793774127960205;0
1156;60.82778239250183;0
1157;60.862215995788574;0
1158;60.886727809906006;0
1159;60.923911809921265;0
1160;60.951393127441406;0
1161;61.002835273742676;0
1162;61.03636622428894;0
1163;61.06815791130066;0
1164;61.10276484489441;0
1165;61.12060213088989;0
1166;61.152499198913574;0
1167;61.185704946517944;0
1168;61.225343465805054;0
1169;61.25871658325195;0
1170;61.286826848983765;0
1171;61.32009744644165;0
1172;61.353697538375854;0
1173;61.40460777282715;0
1174;61.43317937850952;0
1175;61.46775221824646;0
1176;61.500123262405396;0
1177;61.530925035476685;0
1178;61.56320858001709;0
1179;61.587854623794556;0
1180;61.61885929107666;0
1181;61.652241230010986;0
1182;61.68418073654175;0
1183;61.71006727218628;0
1184;61.769819021224976;0
1185;61.802406549453735;0
1186;61.83470821380615;0
1187;61.86542081832886;0
1188;61.89871311187744;0
1189;61.93366193771362;0
1190;61.95029616355896;0
1191;61.9861376285553;0
1192;62.01946544647217;0
1193;62.054736852645874;0
1194;62.08413314819336;0
1195;62.114113330841064;0
1196;62.175848960876465;0
1197;62.20362162590027;0
1198;62.23427748680115;0
1199;62.26666188240051;0
1200;62.30841684341431;0
1201;62.332589864730835;0
1202;62.36507558822632;0
1203;62.38515567779541;0
1204;62.42922401428223;0
1205;62.45665431022644;0
1206;62.488399028778076;0
1207;62.52191424369812;0
1208;62.57359433174133;0
1209;62.59105443954468;0
1210;62.62224769592285;0
1211;62.66558241844177;0
1212;62.68647384643555;0
1213;62.72950720787048;0
1214;62.75259208679199;0
1215;62.79403638839722;0
1216;62.8265483379364;0
1217;62.853655099868774;0
1218;62.89096426963806;0
1219;62.919025182724;0
1220;62.96798920631409;0
1221;63.00420331954956;0
1222;63.022313594818115;0
1223;63.05426359176636;0
1224;63.08734107017517;0
1225;63.11951756477356;0
1226;63.1523380279541;0
1227;63.19385623931885;0
1228;63.22662305831909;0
1229;63.25332164764404;0
1230;63.28736901283264;0
1231;63.32004356384277;0
1232;63.36897826194763;0
1233;63.40340328216553;0
1234;63.43532633781433;0
1235;63.46521353721619;0
1236;63.48984980583191;0
1237;63.520909786224365;0
1238;63.56247353553772;0
1239;63.584959745407104;1
1240;63.61841559410095;1
1241;63.658830404281616;1
1242;63.68671154975891;1
1243;63.718644857406616;1
1244;63.76844096183777;1
1245;63.80297303199768;1
1246;63.83618402481079;1
1247;63.86527895927429;1
1248;63.89986753463745;1
1249;63.93115043640137;1
1250;63.96342492103577;1
1251;63.98539876937866;1
1252;64.02803993225098;1
1253;64.05843710899353;1
1254;64.08563208580017;1
1255;64.12919116020203;1
1256;64.17075681686401;1
1257;64.19152188301086;1
1258;64.22760772705078;1
1259;64.26745009422302;1
1260;64.29963302612305;1
1261;64.32059264183044;0
1262;64.36298322677612;0
1263;64.39352202415466;0
1264;64.42368459701538;0
1265;64.4616928100586;0
1266;64.48745918273926;0
1267;64.52076363563538;0
1268;64.5693621635437;0
1269;64.60321092605591;0
1270;64.63342666625977;0
1271;64.66735982894897;0
1272;64.69749236106873;0
1273;64.73087286949158;0
1274;64.75462865829468;0
1275;64.79433083534241;0
1276;64.8265027999878;0
1277;64.85357546806335;0
1278;64.88793873786926;0
1279;64.91935515403748;0
1280;64.96825361251831;0
1281;65.00191760063171;0
1282;65.03511548042297;0
1283;65.06539988517761;0
1284;65.10202598571777;0
1285;65.13292479515076;0
1286;65.16783857345581;0
1287;65.18601870536804;0
1288;65.23150372505188;0
1289;65.25161552429199;0
1290;65.28380966186523;1
1291;65.32451581954956;1
1292;65.36822319030762;1
1293;65.40200400352478;1
1294;65.43452262878418;1
1295;65.46771383285522;1
1296;65.49732518196106;1
1297;65.53001093864441;1
1298;65.5685498714447;1
1299;65.58619046211243;1
1300;65.6179735660553;1
1301;65.65149426460266;1
1302;65.68454575538635;1
1303;65.71000957489014;1
1304;65.77200078964233;1
1305;65.80200147628784;1
1306;65.83495283126831;1
1307;65.86801242828369;1
1308;65.89904141426086;1
1309;65.92973494529724;0
1310;65.95029354095459;0
1311;65.98226761817932;0
1312;66.03321766853333;0
1313;66.05847382545471;0
1314;66.09081888198853;0
1315;66.11933159828186;0
1316;66.16801500320435;0
1317;66.19143176078796;0
1318;66.23598718643188;0
1319;66.27003335952759;0
1320;66.28837251663208;0
1321;66.31817674636841;0
1322;66.35007882118225;0
1323;66.38848900794983;0
1324;66.42675375938416;0
1325;66.4545066356659;0
1326;66.48715496063232;0
1327;66.51859140396118;0
1328;66.56619620323181;0
1329;66.59118247032166;0
1330;66.63385367393494;0
1331;66.66956233978271;0
1332;66.7005386352539;0
1333;66.73152160644531;0
1334;66.76298666000366;0
1335;66.79526686668396;0
1336;66.81843590736389;0
1337;66.85863924026489;0
1338;66.88626003265381;0
1339;66.91971588134766;0
1340;66.96826553344727;0
1341;66.99082136154175;0
1342;67.03522777557373;0
1343;67.06890773773193;0
1344;67.0983567237854;0
1345;67.12963056564331;0
1346;67.16466879844666;0
1347;67.19484901428223;0
1348;67.23339080810547;0
1349;67.26109671592712;0
1350;67.28442716598511;0
1351;67.32552456855774;0
1352;67.35749530792236;0
1353;67.39031600952148;0
1354;67.42268991470337;0
1355;67.46789169311523;0
1356;67.4883143901825;0
1357;67.53154921531677;0
1358;67.56577253341675;0
1359;67.58741235733032;0
1360;67.6176085472107;0
1361;67.65091681480408;0
1362;67.68415594100952;0
1363;67.7351758480072;1
1364;67.78190040588379;1
1365;67.80017685890198;1
1366;67.82264161109924;1
1367;67.856520652771;1
1368;67.88840556144714;1
1369;67.9205105304718;1
1370;67.95753717422485;1
1371;67.98284888267517;1
1372;68.02155780792236;1
1373;68.05203223228455;1
1374;68.086829662323;1
1375;68.13512206077576;1
1376;68.17764139175415;1
1377;68.20123529434204;1
1378;68.22387433052063;1
1379;68.26789045333862;1
1380;68.28559565544128;1
1381;68.32439661026001;1
1382;68.35078072547913;1
1383;68.38373947143555;1
1384;68.41763925552368;1
1385;68.45877146720886;1
1386;68.4876868724823;1
1387;68.5438723564148;1
1388;68.56900572776794;1
1389;68.58995079994202;1
1390;68.62204575538635;1
1391;68.66820859909058;1
1392;68.68751692771912;1
1393;68.71929049491882;1
1394;68.75565147399902;0
1395;68.78392744064331;0
1396;68.81772780418396;0
1397;68.8503155708313;0
1398;68.87731695175171;0
1399;68.93066072463989;0
1400;68.96085619926453;0
1401;68.9941759109497;0
1402;69.02447962760925;0
1403;69.0532615184784;0
1404;69.0851948261261;0
1405;69.11915111541748;0
1406;69.1604573726654;0
1407;69.18386721611023;0
1408;69.21875357627869;0
1409;69.24981927871704;0
1410;69.28479146957397;0
1411;69.33455634117126;0
1412;69.37800073623657;0
1413;69.39972710609436;0
1414;69.42453193664551;0
1415;69.4565041065216;0
1416;69.50067591667175;0
1417;69.53501772880554;0
1418;69.56444644927979;0
1419;69.59081530570984;0
1420;69.61638331413269;0
1421;69.64624762535095;0
1422;69.67993664741516;0
1423;69.72919464111328;0
1424;69.76064085960388;0
1425;69.79292488098145;0
1426;69.825204372406;0
1427;69.85335397720337;0
1428;69.89299535751343;0
1429;69.92728281021118;0
1430;69.95563554763794;0
1431;69.98531150817871;0
1432;70.01633048057556;0
1433;70.04657626152039;0
1434;70.07751631736755;0
1435;70.12601017951965;0
1436;70.16818881034851;0
1437;70.19996118545532;0
1438;70.23435854911804;0
1439;70.2547595500946;0
1440;70.29111504554749;0
1441;70.32094526290894;0
1442;70.3544237613678;0
1443;70.38393211364746;0
1444;70.41707634925842;0
1445;70.45394086837769;0
1446;70.4841239452362;0
1447;70.5464940071106;0
1448;70.56875371932983;0
1449;70.59885883331299;0
1450;70.62954998016357;0
1451;70.65460634231567;0
1452;70.6878137588501;0
1453;70.71845436096191;0
1454;70.75140810012817;0
1455;70.78247117996216;0
1456;70.81816363334656;0
1457;70.85854387283325;0
1458;70.88398885726929;0
1459;70.9266529083252;0
1460;70.95867156982422;0
1461;70.98973345756531;0
1462;71.03394842147827;0
1463;71.0651285648346;0
1464;71.09474682807922;0
1465;71.12984943389893;0
1466;71.15543389320374;0
1467;71.19197416305542;0
1468;71.21726298332214;0
1469;71.25086259841919;0
1470;71.28439593315125;0
1471;71.34043836593628;0
1472;71.36782693862915;0
1473;71.40110754966736;0
1474;71.43439745903015;0
1475;71.46691179275513;0
1476;71.49866914749146;0
1477;71.53055882453918;0
1478;71.55643153190613;0
1479;71.5823483467102;0
1480;71.61640810966492;0
1481;71.64999675750732;0
1482;71.68480968475342;0
1483;71.73518872261047;0
1484;71.76981258392334;0
1485;71.80370998382568;0
1486;71.8234634399414;0
1487;71.8549976348877;0
1488;71.90049958229065;0
1489;71.93370223045349;0
1490;71.962486743927;0
1491;71.99548840522766;0
1492;72.01706194877625;0
1493;72.05124711990356;0
1494;72.08375716209412;0
1495;72.13594675064087;0
1496;72.1673195362091;0
1497;72.20082235336304;0
1498;72.23234057426453;0
1499;72.25497555732727;0
1500;72.28685903549194;0
1501;72.3257360458374;0
1502;72.35136485099792;0
1503;72.39209365844727;0
1504;72.41498446464539;0
1505;72.45274806022644;0
1506;72.48513984680176;0
1507;72.54023551940918;0
1508;72.56710600852966;0
1509;72.59433221817017;0
1510;72.62760663032532;0
1511;72.65716409683228;0
1512;72.69982647895813;0
1513;72.7295355796814;0
1514;72.75296306610107;0
1515;72.79521703720093;0
1516;72.82660555839539;0
1517;72.8545355796814;0
1518;72.90741229057312;0
1519;72.93517804145813;0
1520;72.96896767616272;0
1521;73.00068736076355;0
1522;73.03419065475464;0
1523;73.0654525756836;0
1524;73.09819865226746;0
1525;73.1299295425415;0
1526;73.1551992893219;0
1527;73.19570708274841;0
1528;73.22873282432556;0
1529;73.25396800041199;0
1530;73.30748009681702;0
1531;73.33501935005188;0
1532;73.36714887619019;0
1533;73.40143918991089;0
1534;73.43478870391846;0
1535;73.4670717716217;0
1536;73.49891376495361;0
1537;73.52995729446411;0
1538;73.55594158172607;0
1539;73.58354258537292;0
1540;73.61672472953796;0
1541;73.65479779243469;0
1542;73.70001292228699;0
1543;73.7347400188446;0
1544;73.76795887947083;0
1545;73.80018973350525;0
1546;73.82319784164429;0
1547;73.85496425628662;0
1548;73.88694095611572;0
1549;73.91892695426941;0
1550;73.96157360076904;0
1551;73.98309254646301;0
1552;74.02320790290833;0
1553;74.05581164360046;0
1554;74.1072587966919;0
1555;74.13420939445496;0
1556;74.16746377944946;0
1557;74.20162439346313;0
1558;74.23365616798401;0
1559;74.26786875724792;0
1560;74.28633046150208;0
1561;74.3236436843872;0
1562;74.3564624786377;0
1563;74.38338303565979;0
1564;74.41532063484192;0
1565;74.45015835762024;0
1566;74.49975156784058;0
1567;74.53430128097534;0
1568;74.55819201469421;0
1569;74.59129023551941;0
1570;74.63252592086792;0
1571;74.65681076049805;0
1572;74.6864926815033;0
1573;74.72779607772827;0
1574;74.76873087882996;0
1575;74.78359484672546;0
1576;74.82589483261108;0
1577;74.8473105430603;0
1578;74.90548133850098;0
1579;74.93339514732361;0
1580;74.9656240940094;0
1581;74.99987745285034;0
1582;75.02683019638062;0
1583;75.05739426612854;0
1584;75.08625507354736;0
1585;75.13194632530212;0
1586;75.1667366027832;0
1587;75.19455885887146;0
1588;75.219970703125;0
1589;75.25600337982178;0
1590;75.30536770820618;0
1591;75.33242845535278;0
1592;75.36671495437622;0
1593;75.39043712615967;0
1594;75.42263412475586;0
1595;75.45686960220337;0
1596;75.48643374443054;0
1597;75.5392997264862;0
1598;75.55760526657104;0
1599;75.58324670791626;0
1600;75.61435389518738;0
1601;75.65132069587708;0
1602;75.70014071464539;0
1603;75.73309826850891;0
1604;75.75835657119751;0
1605;75.79039812088013;0
1606;75.82337236404419;0
1607;75.85689973831177;0
1608;75.89880561828613;0
1609;75.92958068847656;0
1610;75.9663348197937;0
1611;75.99463987350464;0
1612;76.02195239067078;0
1613;76.05862832069397;0
1614;76.10717225074768;0
1615;76.13484263420105;0
1616;76.16645503044128;0
1617;76.20224618911743;0
1618;76.23345303535461;0
1619;76.2658007144928;0
1620;76.29983496665955;0
1621;76.32960319519043;0
1622;76.35864877700806;0
1623;76.39459824562073;0
1624;76.42835688591003;0
1625;76.45899033546448;0
1626;76.50689768791199;0
1627;76.53779816627502;0
1628;76.5672824382782;0
1629;76.60275554656982;0
1630;76.63373589515686;0
1631;76.66789269447327;0
1632;76.69886589050293;0
1633;76.71797633171082;0
1634;76.75934934616089;0
1635;76.79761695861816;0
1636;76.82211709022522;0
1637;76.85746312141418;0
1638;76.91019701957703;0
1639;76.93755173683167;0
1640;76.96762704849243;0
1641;76.99987292289734;0
1642;77.03338766098022;0
1643;77.0682303905487;0
1644;77.09758424758911;0
1645;77.12981867790222;0
1646;77.16584420204163;0
1647;77.19911456108093;0
1648;77.22952580451965;0
1649;77.25858283042908;0
1650;77.30389380455017;0
1651;77.33299517631531;0
1652;77.36614322662354;0
1653;77.39946603775024;0
1654;77.42221450805664;0
1655;77.46476411819458;0
1656;77.50105357170105;0
1657;77.53064155578613;0
1658;77.55901169776917;0
1659;77.58221006393433;0
1660;77.61612558364868;0
1661;77.64981937408447;0
1662;77.69719815254211;0
1663;77.74068331718445;0
1664;77.76444673538208;0
1665;77.79036521911621;0
1666;77.83083319664001;0
1667;77.8589117527008;0
1668;77.88560843467712;0
1669;77.91900324821472;0
1670;77.96102666854858;0
1671;77.98508644104004;0
1672;78.01506090164185;0
1673;78.05003190040588;0
1674;78.0985016822815;0
1675;78.13173365592957;0
1676;78.16824626922607;0
1677;78.20070815086365;0
1678;78.23289203643799;0
1679;78.2665958404541;0
1680;78.29760885238647;0
1681;78.33335280418396;0
1682;78.36508083343506;0
1683;78.38504409790039;0
1684;78.42673659324646;0
1685;78.47727990150452;0
1686;78.49996519088745;0
1687;78.53318405151367;0
1688;78.56480503082275;0
1689;78.59126019477844;0
1690;78.62223625183105;0
1691;78.66659998893738;0
1692;78.70123314857483;0
1693;78.72933554649353;0
1694;78.7604432106018;0
1695;78.79831624031067;0
1696;78.82852673530579;0
1697;78.8706157207489;1
1698;78.9097466468811;1
1699;78.93279552459717;1
1700;78.96470713615417;1
1701;78.99026489257812;1
1702;79.02425694465637;1
1703;79.05420160293579;1
1704;79.09891605377197;1
1705;79.12950921058655;1
1706;79.16678142547607;1
1707;79.1946542263031;1
1708;79.22650289535522;1
1709;79.27594947814941;1
1710;79.30086350440979;1
1711;79.33913254737854;0
1712;79.3671236038208;0
1713;79.4005491733551;0
1714;79.4340832233429;0
1715;79.46609497070312;0
1716;79.4985032081604;0
1717;79.5194571018219;0
1718;79.54991936683655;0
1719;79.58376741409302;0
1720;79.62695097923279;0
1721;79.66299676895142;0
1722;79.70052099227905;0
1723;79.73362135887146;0
1724;79.76626324653625;0
1725;79.79937696456909;0
1726;79.8321738243103;0
1727;79.86519479751587;0
1728;79.88867044448853;0
1729;79.91902589797974;0
1730;79.962087392807;0
1731;79.98201560974121;0
1732;80.01399874687195;0
1733;80.07385110855103;0
1734;80.10582661628723;0
1735;80.14001870155334;0
1736;80.17049622535706;0
1737;80.19960880279541;0
1738;80.23262572288513;0
1739;80.2659125328064;0
1740;80.29864931106567;0
1741;80.33368110656738;0
1742;80.36195850372314;0
1743;80.38427901268005;0
1744;80.42599987983704;0
1745;80.47745895385742;0
1746;80.50720310211182;0
1747;80.5400619506836;0
1748;80.57040286064148;0
1749;80.58996725082397;0
1750;80.62204885482788;0
1751;80.65510582923889;0
1752;80.69946384429932;0
1753;80.73032116889954;0
1754;80.76248574256897;0
1755;80.79813265800476;0
1756;80.82843494415283;0
1757;80.87419509887695;0
1758;80.90472078323364;0
1759;80.92859983444214;0
1760;80.9660997390747;1
1761;80.99989247322083;1
1762;81.02313470840454;1
1763;81.0560610294342;1
1764;81.08883571624756;1
1765;81.11836266517639;1
1766;81.15026187896729;1
1767;81.18404483795166;1
1768;81.2140953540802;1
1769;81.27628135681152;1
1770;81.2984688282013;1
1771;81.33443689346313;1
1772;81.36677598953247;1
1773;81.39800071716309;1
1774;81.42449569702148;1
1775;81.4545578956604;1
1776;81.49906492233276;1
1777;81.53292298316956;1
1778;81.56574630737305;1
1779;81.58291363716125;1
1780;81.61543774604797;0
1781;81.67662072181702;0
1782;81.6992666721344;0
1783;81.73188519477844;0
1784;81.7680299282074;0
1785;81.80092811584473;0
1786;81.83171939849854;0
1787;81.86573553085327;0
1788;81.89901423454285;0
1789;81.92990159988403;0
1790;81.96268510818481;0
1791;81.99681973457336;0
1792;82.02565050125122;0
1793;82.07633018493652;0
1794;82.09873795509338;0
1795;82.13249564170837;0
1796;82.1667788028717;0
1797;82.20016980171204;1
1798;82.23252391815186;1
1799;82.26681518554688;1
1800;82.29903054237366;1
1801;82.33054184913635;1
1802;82.36575984954834;1
1803;82.39674973487854;1
1804;82.42769479751587;1
1805;82.47656464576721;1
1806;82.50660681724548;0
1807;82.53859353065491;0
1808;82.5659670829773;0
1809;82.59031438827515;0
1810;82.63362669944763;0
1811;82.66626167297363;0
1812;82.69073343276978;0
1813;82.71829771995544;0
1814;82.7664794921875;0
1815;82.80080151557922;0
1816;82.8277907371521;0
1817;82.87616848945618;0
1818;82.90680718421936;0
1819;82.93951869010925;0
1820;82.9672338962555;0
1821;83.00294637680054;0
1822;83.03309631347656;0
1823;83.0683765411377;0
1824;83.09883332252502;0
1825;83.12117028236389;0
1826;83.16754388809204;0
1827;83.1865918636322;0
1828;83.22665190696716;0
1829;83.28200459480286;0
1830;83.29972815513611;0
1831;83.33288884162903;0
1832;83.36635208129883;0
1833;83.40246605873108;0
1834;83.43375396728516;0
1835;83.46552395820618;0
1836;83.49867391586304;0
1837;83.53304386138916;0
1838;83.56504940986633;0
1839;83.59934043884277;0
1840;83.62835359573364;0
1841;83.67085289955139;0
1842;83.70036363601685;0
1843;83.7398910522461;0
1844;83.7650671005249;0
1845;83.79142165184021;0
1846;83.84218454360962;0
1847;83.86619400978088;0
1848;83.89746260643005;0
1849;83.91779828071594;0
1850;83.94982957839966;0
1851;83.98386073112488;0
1852;84.01570439338684;0
1853;84.0710597038269;0
1854;84.08216667175293;0
1855;84.14086079597473;0
1856;84.17069888114929;0
1857;84.19821286201477;0
1858;84.23270201683044;0
1859;84.25482273101807;0
1860;84.28936004638672;0
1861;84.31962823867798;0
1862;84.36407613754272;0
1863;84.39611482620239;0
1864;84.44700193405151;0
1865;84.47387433052063;0
1866;84.48193025588989;0
1867;84.53092169761658;0
1868;84.56714081764221;0
1869;84.59720277786255;0
1870;84.62314128875732;0
1871;84.66087198257446;0
1872;84.69213366508484;0
1873;84.73205852508545;0
1874;84.76969838142395;0
1875;84.79380178451538;0
1876;84.84255933761597;0
1877;84.86731314659119;0
1878;84.87384343147278;0
1879;84.93880486488342;1
1880;84.96703910827637;1
1881;84.99852728843689;1
1882;85.03173494338989;1
1883;85.06025886535645;1
1884;85.08806538581848;1
1885;85.11874890327454;1
1886;85.15686321258545;1
1887;85.19117951393127;1
1888;85.24680542945862;1
1889;85.28310704231262;1
1890;85.30112528800964;1
1891;85.3327066898346;1
1892;85.36595845222473;1
1893;85.39740133285522;1
1894;85.42229413986206;1
1895;85.46567845344543;1
1896;85.49983644485474;1
1897;85.53303074836731;1
1898;85.55602240562439;1
1899;85.5850522518158;1
1900;85.64013051986694;1
1901;85.6705117225647;1
1902;85.6786630153656;1
1903;85.74421691894531;1
1904;85.77382564544678;1
1905;85.80864810943604;1
1906;85.83313369750977;1
1907;85.87997245788574;1
1908;85.89744734764099;1
1909;85.92572474479675;1
1910;85.95705080032349;1
1911;85.99119925498962;1
1912;86.04206037521362;1
1913;86.07740187644958;1
1914;86.09231281280518;1
1915;86.14144921302795;1
1916;86.17494821548462;1
1917;86.20187830924988;1
1918;86.23711895942688;1
1919;86.26727867126465;1
1920;86.2984836101532;1
1921;86.3323266506195;1
1922;86.36793756484985;1
1923;86.38935995101929;1
1924;86.43010902404785;1
1925;86.46949338912964;1
1926;86.47777986526489;1
1927;86.53488230705261;1
1928;86.56560397148132;1
1929;86.59710001945496;1
1930;86.63684129714966;1
1931;86.66617035865784;1
1932;86.7020320892334;1
1933;86.73076844215393;1
1934;86.76533818244934;1
1935;86.79868292808533;1
1936;86.84109139442444;1
1937;86.87781429290771;1
1938;86.89084196090698;1
1939;86.94251728057861;1
1940;86.97184824943542;1
1941;87.00081539154053;1
1942;87.03720831871033;1
1943;87.06613540649414;1
1944;87.10154628753662;1
1945;87.13171887397766;1
1946;87.16862082481384;0
1947;87.19697713851929;0
1948;87.24818444252014;1
1949;87.27735662460327;1
1950;87.29431295394897;1
1951;87.34225678443909;1
1952;87.3713309764862;1
1953;87.40754652023315;1
1954;87.43791794776917;1
1955;87.46435451507568;0
1956;87.49363231658936;0
1957;87.52473759651184;0
1958;87.55024027824402;0
1959;87.58932137489319;0
1960;87.64688897132874;0
1961;87.68123531341553;0
1962;87.69686579704285;0
1963;87.74284601211548;1
1964;87.77914714813232;1
1965;87.80711388587952;1
1966;87.83750486373901;1
1967;87.87146401405334;1
1968;87.90190744400024;1
1969;87.93326735496521;1
1970;87.96690893173218;1
1971;87.99935722351074;1
1972;88.04707312583923;1
1973;88.08225989341736;1
1974;88.09751200675964;1
1975;88.13481569290161;1
1976;88.16524028778076;1
1977;88.20589113235474;1
1978;88.23292899131775;1
1979;88.266104221344;1
1980;88.29899573326111;1
1981;88.33079767227173;1
1982;88.3649218082428;1
1983;88.3967764377594;1
1984;88.44801688194275;1
1985;88.48206973075867;1
1986;88.49292159080505;1
1987;88.53136467933655;1
1988;88.5669424533844;1
1989;88.59837532043457;1
1990;88.63125228881836;1
1991;88.66578269004822;1
1992;88.69800209999084;0
1993;88.73265027999878;0
1994;88.76653265953064;0
1995;88.79693245887756;0
1996;88.8527512550354;0
1997;88.88068199157715;0
1998;88.89596319198608;0
1999;88.94095754623413;1
2000;88.97026872634888;1
2001;88.99716925621033;1
2002;89.03134751319885;0
2003;89.07155776023865;0
2004;89.10068917274475;0
2005;89.13239979743958;0
2006;89.16499853134155;0
2007;89.19704699516296;0
2008;89.24657034873962;0
2009;89.27995300292969;0
2010;89.29372310638428;0
2011;89.34027194976807;1
2012;89.37035775184631;1
2013;89.40480542182922;1
2014;89.44801878929138;1
2015;89.46239042282104;1
2016;89.49284505844116;1
2017;89.51824808120728;1
2018;89.55785703659058;1
2019;89.58636808395386;1
2020;89.64803171157837;0
2021;89.66149950027466;0
2022;89.68542885780334;0
2023;89.74021911621094;1
2024;89.77536869049072;1
2025;89.80580592155457;1
2026;89.83456206321716;1
2027;89.86991500854492;1
2028;89.89995956420898;1
2029;89.93140912055969;1
2030;89.9649748802185;1
2031;90.01616740226746;1
2032;90.04670572280884;1
2033;90.06271529197693;1
2034;90.08216071128845;1
2035;90.14021873474121;1
2036;90.17562937736511;0
2037;90.20455837249756;0
2038;90.23400974273682;0
2039;90.26996326446533;0
2040;90.29918026924133;0
2041;90.33337879180908;0
2042;90.36504578590393;0
2043;90.41379737854004;0
2044;90.44760704040527;0
2045;90.46426582336426;0
2046;90.48178935050964;0
2047;90.54788899421692;0
2048;90.56779336929321;0
2049;90.59947395324707;0
2050;90.63028049468994;0
2051;90.66288137435913;0
2052;90.70061016082764;0
2053;90.71945428848267;0
2054;90.75038385391235;0
2055;90.81529831886292;0
2056;90.84822392463684;0
2057;90.86142754554749;0
2058;90.86541652679443;0
2059;90.93860387802124;0
2060;90.96475720405579;0
2061;90.99990916252136;0
2062;91.03113174438477;0
2063;91.06550192832947;0
2064;91.09857535362244;0
2065;91.13152718544006;0
2066;91.16555047035217;0
2067;91.21439027786255;0
2068;91.24656176567078;0
2069;91.25071167945862;0
2070;91.2799985408783;0
2071;91.33989238739014;0
2072;91.36824560165405;0
2073;91.39786219596863;0
2074;91.43189144134521;0
2075;91.46461582183838;0
2076;91.49755072593689;0
2077;91.5320074558258;0
2078;91.55219435691833;0
2079;91.59908437728882;0
2080;91.64626026153564;0
2081;91.66554951667786;0
2082;91.68090653419495;0
2083;91.73031806945801;1
2084;91.77166056632996;1
2085;91.79871344566345;1
2086;91.83179831504822;1
2087;91.86950182914734;1
2088;91.89744997024536;1
2089;91.93171811103821;1
2090;91.96585631370544;1
2091;92.01363825798035;1
2092;92.04748821258545;1
2093;92.06100964546204;1
2094;92.08055114746094;1
2095;92.1456732749939;1
2096;92.16860342025757;1
2097;92.19734978675842;1
2098;92.23130655288696;1
2099;92.26279664039612;1
2100;92.29022693634033;1
2101;92.32174921035767;1
2102;92.35098838806152;1
2103;92.41493129730225;1
2104;92.44817423820496;1
2105;92.46550154685974;1
2106;92.48236465454102;0
2107;92.54649615287781;0
2108;92.57485008239746;0
2109;92.5979642868042;0
2110;92.62226486206055;0
2111;92.66304349899292;0
2112;92.69803953170776;0
2113;92.73040819168091;0
2114;92.75611066818237;0
2115;92.80622267723083;0
2116;92.8354845046997;0
2117;92.83808588981628;0
2118;92.8683533668518;0
2119;92.9497902393341;0
2120;92.96306037902832;0
2121;92.99877762794495;0
2122;93.03485822677612;0
2123;93.06448721885681;0
2124;93.09797668457031;0
2125;93.11946630477905;0
2126;93.15263271331787;1
2127;93.21267318725586;1
2128;93.24736833572388;1
2129;93.26323652267456;1
2130;93.27469086647034;1
2131;93.32900953292847;1
2132;93.37190556526184;1
2133;93.39605569839478;1
2134;93.43121075630188;1
2135;93.45604920387268;1
2136;93.49693775177002;1
2137;93.52240347862244;1
2138;93.56036972999573;1
2139;93.61497688293457;1
2140;93.64730381965637;1
2141;93.66062593460083;1
2142;93.67997074127197;0
2143;93.73898816108704;0
2144;93.76347279548645;0
2145;93.79885530471802;0
2146;93.82245683670044;0
2147;93.85341453552246;1
2148;93.89038753509521;1
2149;93.91944909095764;1
2150;93.95048522949219;1
2151;94.00071215629578;0
2152;94.02938413619995;0
2153;94.04899072647095;0
2154;94.06509947776794;0
2155;94.13118696212769;0
2156;94.16308689117432;0
2157;94.19082427024841;0
2158;94.2222146987915;0
2159;94.25384378433228;0
2160;94.2885410785675;0
2161;94.3170018196106;1
2162;94.36493349075317;1
2163;94.4087815284729;1
2164;94.44787812232971;1
2165;94.4610869884491;1
2166;94.46771764755249;1
2167;94.54730701446533;1
2168;94.5727744102478;1
2169;94.59562158584595;1
2170;94.63211417198181;1
2171;94.66362404823303;1
2172;94.69684338569641;0
2173;94.71841716766357;0
2174;94.7648458480835;0
2175;94.81265950202942;0
2176;94.8369529247284;0
2177;94.85247564315796;0
2178;94.86350631713867;0
2179;94.9302761554718;0
2180;94.96941375732422;0
2181;94.9968569278717;0
2182;95.03027272224426;0
2183;95.06342911720276;0
2184;95.09697246551514;0
2185;95.13053441047668;0
2186;95.16488480567932;0
2187;95.21334147453308;0
2188;95.2246446609497;0
2189;95.24820184707642;0
2190;95.27804231643677;1
2191;95.34506106376648;1
2192;95.37407231330872;1
2193;95.40349507331848;1
2194;95.43122243881226;1
2195;95.47124886512756;1
2196;95.49768614768982;1
2197;95.52139139175415;1
2198;95.57231736183167;1
2199;95.60482406616211;1
2200;95.61349749565125;1
2201;95.6305935382843;1
2202;95.66440033912659;1
2203;95.74125385284424;1
2204;95.7633376121521;1
2205;95.79777669906616;1
2206;95.83087134361267;1
2207;95.87019848823547;1
2208;95.90040516853333;1
2209;95.92803812026978;1
2210;95.9650571346283;1
2211;96.01262998580933;1
2212;96.01644897460938;1
2213;96.04573512077332;1
2214;96.06319260597229;1
2215;96.13014078140259;1
2216;96.16324138641357;1
2217;96.19641184806824;1
2218;96.22851157188416;1
2219;96.2540717124939;1
2220;96.30040454864502;1
2221;96.33022832870483;1
2222;96.38103103637695;1
2223;96.40278029441833;1
2224;96.42003035545349;1
2225;96.43104338645935;1
2226;96.4613471031189;1
2227;96.52871012687683;1
2228;96.56205248832703;1
2229;96.59092450141907;1
2230;96.6260986328125;1
2231;96.65689492225647;1
2232;96.68828248977661;1
2233;96.72974348068237;1
2234;96.76957869529724;1
2235;96.79868602752686;1
2236;96.80979800224304;1
2237;96.83787822723389;1
2238;96.86587119102478;1
2239;96.94923377037048;1
2240;96.96422576904297;0
2241;96.9960584640503;0
2242;97.02832984924316;0
2243;97.05354571342468;0
2244;97.0866870880127;0
2245;97.12022566795349;0
2246;97.18159556388855;0
2247;97.21581697463989;0
2248;97.2349283695221;0
2249;97.25731086730957;0
2250;97.26888751983643;0
2251;97.34578490257263;0
2252;97.37402081489563;0
2253;97.39984846115112;0
2254;97.44437432289124;0
2255;97.46703290939331;0
2256;97.50015211105347;0
2257;97.51896381378174;0
2258;97.56722927093506;0
2259;97.60106825828552;0
2260;97.61091828346252;0
2261;97.62947344779968;0
2262;97.67327809333801;0
2263;97.74522852897644;1
2264;97.76498174667358;1
2265;97.79640173912048;0
2266;97.8294837474823;0
2267;97.85403227806091;0
2268;97.88599991798401;0
2269;97.93125987052917;0
2270;97.98873400688171;0
2271;98.01300621032715;0
2272;98.02399206161499;0
2273;98.03698420524597;0
2274;98.06335258483887;0
2275;98.14723539352417;0
2276;98.18012619018555;0
2277;98.19645547866821;0
2278;98.22953391075134;0
2279;98.26430773735046;0
2280;98.29970359802246;0
2281;98.32877445220947;0
2282;98.37895393371582;0
2283;98.4175488948822;0
2284;98.43215227127075;0
2285;98.44789481163025;0
2286;98.46312999725342;0
2287;98.54610824584961;0
2288;98.57100319862366;1
2289;98.59626245498657;1
2290;98.6292507648468;1
2291;98.66153073310852;1
2292;98.68624901771545;1
2293;98.72863388061523;1
2294;98.77845811843872;1
2295;98.8013265132904;0
2296;98.81389117240906;0
2297;98.84184217453003;1
2298;98.87470388412476;1
2299;98.92997336387634;1
2300;98.96382093429565;1
2301;99.0124990940094;1
2302;99.03397274017334;1
2303;99.06503510475159;1
2304;99.10135316848755;1
2305;99.11898803710938;1
2306;99.16810965538025;1
2307;99.21255302429199;1
2308;99.23265933990479;1
2309;99.24898219108582;0
2310;99.26262617111206;0
2311;99.34565877914429;0
2312;99.37990379333496;0
2313;99.40268731117249;0
2314;99.43077063560486;0
2315;99.46383738517761;0
2316;99.50182151794434;0
2317;99.52988815307617;0
2318;99.57889151573181;0
2319;99.61415195465088;0
2320;99.62522721290588;0
2321;99.64693140983582;0
2322;99.67891335487366;0
2323;99.74399209022522;0
2324;99.76864433288574;0
2325;99.80216765403748;0
2326;99.83982229232788;0
2327;99.86281418800354;0
2328;99.89713048934937;0
2329;99.92949628829956;0
2330;99.98491144180298;0
2331;100.00680804252625;0
2332;100.01102137565613;0
2333;100.02979302406311;0
2334;100.06166625022888;0
2335;100.13526964187622;0
2336;100.1732485294342;0
2337;100.20496320724487;0
2338;100.2288076877594;0
2339;100.26374745368958;0
2340;100.29610419273376;0
2341;100.3296422958374;0
2342;100.37971353530884;0
2343;100.40404629707336;0
2344;100.42431545257568;0
2345;100.44389629364014;0
2346;100.47662997245789;0
2347;100.54641389846802;0
2348;100.56723403930664;1
2349;100.59688639640808;1
2350;100.63399481773376;1
2351;100.67342567443848;1
2352;100.696035861969;1
2353;100.7297420501709;1
2354;100.78092551231384;1
2355;100.80214548110962;1
2356;100.81613397598267;1
2357;100.83026766777039;1
2358;100.87650108337402;1
2359;100.94529700279236;1
2360;100.97446966171265;1
2361;100.99582004547119;1
2362;101.0305004119873;1
2363;101.06146121025085;1
2364;101.08621883392334;1
2365;101.12945866584778;1
2366;101.18157649040222;1
2367;101.19276714324951;1
2368;101.19837713241577;1
2369;101.23137402534485;1
2370;101.26898789405823;1
2371;101.34497809410095;1
2372;101.37584519386292;1
2373;101.40145230293274;1
2374;101.42532563209534;1
2375;101.4573929309845;1
2376;101.4889748096466;1
2377;101.53644680976868;1
2378;101.56663346290588;1
2379;101.57278656959534;1
2380;101.60081243515015;1
2381;101.63118004798889;1
2382;101.66496396064758;1
2383;101.7288773059845;1
2384;101.76075458526611;1
2385;101.79725456237793;1
2386;101.82897710800171;1
2387;101.86333417892456;1
2388;101.89525556564331;1
2389;101.94593286514282;1
2390;101.98091959953308;1
2391;101.99654364585876;1
2392;102.01836371421814;1
2393;102.0311644077301;1
2394;102.06319284439087;1
2395;102.1439859867096;1
2396;102.17830204963684;1
2397;102.20262789726257;1
