 4.80000000e+01 4.80000000e+01 4.80000000e+01 4.80000000e+01 4.80000000e+01 4.80000000e+01 4.80000000e+01 4.80000000e+01
 4.90000000e+01 4.80000000e+01 4.80000000e+01 4.80000000e+01 4.80000000e+01 4.90000000e+01 4.90000000e+01 4.90000000e+01
 4.90000000e+01 4.90000000e+01 4.80000000e+01 4.90000000e+01 4.90000000e+01 4.90000000e+01 4.90000000e+01 4.90000000e+01
 4.80000000e+01 4.80000000e+01 4.80000000e+01 4.80000000e+01 4.80000000e+01 4.80000000e+01 4.80000000e+01 4.80000000e+01
 4.90000000e+01 4.80000000e+01 4.90000000e+01 4.90000000e+01 4.80000000e+01 4.80000000e+01 4.80000000e+01 4.80000000e+01
 4.90000000e+01 4.90000000e+01 4.90000000e+01 4.90000000e+01 4.80000000e+01 4.90000000e+01 4.90000000e+01 4.90000000e+01
 4.80000000e+01 4.80000000e+01 4.80000000e+01 4.80000000e+01 4.80000000e+01 4.80000000e+01 4.80000000e+01 4.80000000e+01
 4.90000000e+01 4.80000000e+01 4.80000000e+01 4.90000000e+01 4.80000000e+01 4.80000000e+01 4.80000000e+01 4.80000000e+01
 4.90000000e+01 4.80000000e+01 4.90000000e+01 4.80000000e+01 4.90000000e+01 4.90000000e+01 4.90000000e+01 4.90000000e+01
 4.80000000e+01 4.80000000e+01 4.80000000e+01 4.80000000e+01 4.80000000e+01 4.80000000e+01 4.80000000e+01 4.90000000e+01
 4.90000000e+01 4.90000000e+01 4.90000000e+01 4.80000000e+01 4.90000000e+01 4.80000000e+01 4.80000000e+01 4.80000000e+01
 4.90000000e+01 4.90000000e+01 4.80000000e+01 4.80000000e+01 4.90000000e+01 4.90000000e+01 4.80000000e+01 4.80000000e+01
 4.80000000e+01 4.80000000e+01 4.80000000e+01 4.80000000e+01 4.80000000e+01 4.80000000e+01 4.80000000e+01 4.90000000e+01
 4.90000000e+01 4.90000000e+01 4.80000000e+01 4.80000000e+01 4.80000000e+01 4.80000000e+01 4.90000000e+01 4.90000000e+01
 4.90000000e+01 4.80000000e+01 4.80000000e+01 4.90000000e+01 4.80000000e+01 4.90000000e+01 4.80000000e+01 4.80000000e+01
 4.80000000e+01 4.80000000e+01 4.80000000e+01 4.80000000e+01 4.80000000e+01 4.80000000e+01 4.90000000e+01 4.80000000e+01
 4.90000000e+01 4.80000000e+01 4.80000000e+01 4.80000000e+01 4.80000000e+01 4.80000000e+01 4.80000000e+01 4.80000000e+01
 4.90000000e+01 4.80000000e+01 4.90000000e+01 4.80000000e+01 4.80000000e+01 4.90000000e+01 4.80000000e+01 4.90000000e+01
 4.80000000e+01 4.80000000e+01 4.80000000e+01 4.90000000e+01 4.80000000e+01 4.80000000e+01 4.90000000e+01 4.80000000e+01
 4.90000000e+01 4.90000000e+01 4.90000000e+01 4.90000000e+01 4.80000000e+01 4.90000000e+01 4.80000000e+01 4.90000000e+01
 4.90000000e+01 4.90000000e+01 4.90000000e+01 4.90000000e+01 4.90000000e+01 4.80000000e+01 4.80000000e+01 4.90000000e+01
 4.80000000e+01 4.80000000e+01 4.80000000e+01 4.90000000e+01 4.80000000e+01 4.90000000e+01 4.90000000e+01 4.80000000e+01
 4.90000000e+01 4.90000000e+01 4.80000000e+01 4.80000000e+01 4.80000000e+01 4.90000000e+01 4.80000000e+01 4.90000000e+01
 4.90000000e+01 4.80000000e+01 4.90000000e+01 4.90000000e+01 4.90000000e+01 4.90000000e+01 4.80000000e+01 4.90000000e+01
 4.80000000e+01 4.80000000e+01 4.80000000e+01 4.90000000e+01 4.90000000e+01 4.90000000e+01 4.90000000e+01 4.80000000e+01
 4.90000000e+01 4.90000000e+01 4.80000000e+01 4.90000000e+01 4.80000000e+01 4.80000000e+01 4.90000000e+01 4.90000000e+01
 4.90000000e+01 4.80000000e+01 4.80000000e+01 4.80000000e+01 4.80000000e+01 4.80000000e+01 4.80000000e+01 4.80000000e+01
 4.80000000e+01 4.80000000e+01 4.80000000e+01 4.80000000e+01 4.80000000e+01 4.80000000e+01 4.90000000e+01 4.80000000e+01
 4.90000000e+01 4.90000000e+01 4.80000000e+01 4.80000000e+01 4.80000000e+01 4.90000000e+01 4.80000000e+01 4.90000000e+01
 4.90000000e+01 4.90000000e+01 4.80000000e+01 4.80000000e+01 4.90000000e+01 4.80000000e+01 4.90000000e+01 4.80000000e+01
 4.80000000e+01 4.80000000e+01 4.80000000e+01 4.90000000e+01 4.80000000e+01 4.90000000e+01 4.80000000e+01 4.90000000e+01
 4.90000000e+01 4.90000000e+01 4.80000000e+01 4.90000000e+01 4.90000000e+01 4.80000000e+01 4.80000000e+01 4.80000000e+01
 4.90000000e+01 4.80000000e+01 4.90000000e+01 4.90000000e+01 4.90000000e+01 4.80000000e+01 4.80000000e+01 4.80000000e+01
 4.80000000e+01 4.80000000e+01 4.80000000e+01 4.80000000e+01 4.90000000e+01 4.90000000e+01 4.80000000e+01 4.90000000e+01
 4.90000000e+01 4.80000000e+01 4.80000000e+01 4.80000000e+01 4.80000000e+01 4.80000000e+01 4.80000000e+01 4.80000000e+01
 4.90000000e+01 4.80000000e+01 4.80000000e+01 4.80000000e+01 4.90000000e+01 4.80000000e+01 4.80000000e+01 4.80000000e+01
 4.80000000e+01 4.80000000e+01 4.80000000e+01 4.80000000e+01 4.90000000e+01 4.80000000e+01 4.80000000e+01 4.90000000e+01
 4.90000000e+01 4.90000000e+01 4.80000000e+01 4.90000000e+01 4.90000000e+01 4.80000000e+01 4.90000000e+01 4.90000000e+01
 4.90000000e+01 4.90000000e+01 4.90000000e+01 4.90000000e+01 4.90000000e+01 4.80000000e+01 4.90000000e+01 4.80000000e+01
 4.80000000e+01 4.80000000e+01 4.90000000e+01 4.90000000e+01 4.90000000e+01 4.80000000e+01 4.80000000e+01 4.80000000e+01
 4.90000000e+01 4.80000000e+01 4.80000000e+01 4.80000000e+01 4.80000000e+01 4.90000000e+01 4.90000000e+01 4.90000000e+01
 4.90000000e+01 4.90000000e+01 4.90000000e+01 4.80000000e+01 4.90000000e+01 4.80000000e+01 4.80000000e+01 4.80000000e+01
 4.80000000e+01 4.80000000e+01 4.90000000e+01 4.90000000e+01 4.90000000e+01 4.90000000e+01 4.80000000e+01 4.80000000e+01
 4.90000000e+01 4.80000000e+01 4.80000000e+01 4.80000000e+01 4.80000000e+01 4.80000000e+01 4.90000000e+01 4.80000000e+01
 4.90000000e+01 4.90000000e+01 4.90000000e+01 4.80000000e+01 4.90000000e+01 4.80000000e+01 4.80000000e+01 4.80000000e+01
 4.80000000e+01 4.80000000e+01 4.80000000e+01 4.80000000e+01 4.80000000e+01 4.80000000e+01 4.80000000e+01 4.80000000e+01
 4.90000000e+01 4.90000000e+01 4.80000000e+01 4.90000000e+01 4.80000000e+01 4.90000000e+01 4.90000000e+01 4.90000000e+01
 4.90000000e+01 4.90000000e+01 4.90000000e+01 4.80000000e+01 4.80000000e+01 4.90000000e+01 4.90000000e+01 4.90000000e+01
 4.80000000e+01 4.80000000e+01 4.80000000e+01 4.80000000e+01 4.80000000e+01 4.80000000e+01 4.80000000e+01 4.80000000e+01
 4.90000000e+01 4.80000000e+01 4.80000000e+01 4.90000000e+01 4.90000000e+01 4.80000000e+01 4.80000000e+01 4.90000000e+01
 4.90000000e+01 4.90000000e+01 4.90000000e+01 4.80000000e+01 4.90000000e+01 4.80000000e+01 4.80000000e+01 4.90000000e+01
 4.80000000e+01 4.80000000e+01 4.80000000e+01 4.80000000e+01 4.80000000e+01 4.80000000e+01 4.80000000e+01 4.80000000e+01
 4.90000000e+01 4.90000000e+01 4.90000000e+01 4.80000000e+01 4.80000000e+01 4.90000000e+01 4.80000000e+01 4.90000000e+01
 4.90000000e+01 4.80000000e+01 4.80000000e+01 4.80000000e+01 4.80000000e+01 4.90000000e+01 4.80000000e+01 4.90000000e+01
 4.80000000e+01 4.80000000e+01 4.80000000e+01 4.80000000e+01 4.80000000e+01 4.80000000e+01 4.80000000e+01 4.90000000e+01
 4.90000000e+01 4.90000000e+01 4.90000000e+01 4.80000000e+01 4.90000000e+01 4.80000000e+01 4.90000000e+01 4.80000000e+01
 4.90000000e+01 4.90000000e+01 4.80000000e+01 4.80000000e+01 4.80000000e+01 4.90000000e+01 4.80000000e+01 4.90000000e+01
 4.80000000e+01 4.80000000e+01 4.80000000e+01 4.80000000e+01 4.80000000e+01 4.80000000e+01 4.80000000e+01 4.90000000e+01
 4.90000000e+01 4.80000000e+01 4.90000000e+01 4.90000000e+01 4.80000000e+01 4.80000000e+01 4.80000000e+01 4.90000000e+01
 4.90000000e+01 4.90000000e+01 4.90000000e+01 4.80000000e+01 4.80000000e+01 4.90000000e+01 4.90000000e+01 4.90000000e+01
 4.80000000e+01 4.80000000e+01 4.80000000e+01 4.80000000e+01 4.80000000e+01 4.80000000e+01 4.80000000e+01 4.90000000e+01
 4.90000000e+01 4.80000000e+01 4.80000000e+01 4.80000000e+01 4.90000000e+01 4.90000000e+01 4.80000000e+01 4.80000000e+01
 4.90000000e+01 4.80000000e+01 4.90000000e+01 4.90000000e+01 4.80000000e+01 4.90000000e+01 4.80000000e+01 4.90000000e+01
 4.80000000e+01 4.80000000e+01 4.80000000e+01 4.80000000e+01 4.80000000e+01 4.80000000e+01 4.90000000e+01 4.80000000e+01
 4.90000000e+01 4.90000000e+01 4.80000000e+01 4.80000000e+01 4.80000000e+01 4.90000000e+01 4.80000000e+01 4.90000000e+01
 4.90000000e+01 4.90000000e+01 4.80000000e+01 4.80000000e+01 4.90000000e+01 4.80000000e+01 4.90000000e+01 4.80000000e+01
 4.80000000e+01 4.80000000e+01 4.80000000e+01 4.90000000e+01 4.80000000e+01 4.80000000e+01 4.90000000e+01 4.80000000e+01
 4.90000000e+01 4.90000000e+01 4.90000000e+01 4.80000000e+01 4.80000000e+01 4.90000000e+01 4.80000000e+01 4.80000000e+01
 4.90000000e+01 4.80000000e+01 4.80000000e+01 4.80000000e+01 4.90000000e+01 4.90000000e+01 4.90000000e+01 4.90000000e+01
 4.80000000e+01 4.80000000e+01 4.80000000e+01 4.90000000e+01 4.80000000e+01 4.90000000e+01 4.90000000e+01 4.90000000e+01
 4.90000000e+01 4.80000000e+01 4.90000000e+01 4.80000000e+01 4.80000000e+01 4.80000000e+01 4.80000000e+01 4.90000000e+01
 4.90000000e+01 4.90000000e+01 4.80000000e+01 4.90000000e+01 4.90000000e+01 4.90000000e+01 4.80000000e+01 4.80000000e+01
 4.80000000e+01 4.80000000e+01 4.80000000e+01 4.90000000e+01 4.90000000e+01 4.90000000e+01 4.90000000e+01 4.80000000e+01
 4.90000000e+01 4.90000000e+01 4.80000000e+01 4.80000000e+01 4.90000000e+01 4.90000000e+01 4.80000000e+01 4.90000000e+01
 4.90000000e+01 4.80000000e+01 4.80000000e+01 4.90000000e+01 4.90000000e+01 4.90000000e+01 4.80000000e+01 4.80000000e+01
 4.80000000e+01 4.80000000e+01 4.80000000e+01 4.80000000e+01 4.80000000e+01 4.80000000e+01 4.90000000e+01 4.80000000e+01
 4.90000000e+01 4.80000000e+01 4.90000000e+01 4.90000000e+01 4.90000000e+01 4.80000000e+01 4.90000000e+01 4.80000000e+01
 4.90000000e+01 4.90000000e+01 4.90000000e+01 4.80000000e+01 4.80000000e+01 4.80000000e+01 4.80000000e+01 4.90000000e+01
 4.80000000e+01 4.80000000e+01 4.80000000e+01 4.90000000e+01 4.80000000e+01 4.90000000e+01 4.80000000e+01 4.90000000e+01
 4.90000000e+01 4.80000000e+01 4.80000000e+01 4.90000000e+01 4.80000000e+01 4.90000000e+01 4.90000000e+01 4.80000000e+01
 4.90000000e+01 4.90000000e+01 4.80000000e+01 4.80000000e+01 4.90000000e+01 4.90000000e+01 4.80000000e+01 4.80000000e+01
 4.80000000e+01 4.80000000e+01 4.80000000e+01 4.80000000e+01 4.90000000e+01 4.90000000e+01 4.80000000e+01 4.90000000e+01
 4.90000000e+01 4.80000000e+01 4.90000000e+01 4.90000000e+01 4.90000000e+01 4.90000000e+01 4.90000000e+01 4.90000000e+01
 4.90000000e+01 4.80000000e+01 4.80000000e+01 4.90000000e+01 4.80000000e+01 4.90000000e+01 4.80000000e+01 4.90000000e+01
 4.80000000e+01 4.80000000e+01 4.80000000e+01 4.80000000e+01 4.90000000e+01 4.90000000e+01 4.80000000e+01 4.90000000e+01
 4.90000000e+01 4.80000000e+01 4.80000000e+01 4.90000000e+01 4.80000000e+01 4.80000000e+01 4.90000000e+01 4.80000000e+01
 4.90000000e+01 4.80000000e+01 4.80000000e+01 4.80000000e+01 4.80000000e+01 4.90000000e+01 4.90000000e+01 4.80000000e+01
 4.80000000e+01 4.80000000e+01 4.90000000e+01 4.90000000e+01 4.90000000e+01 4.80000000e+01 4.80000000e+01 4.90000000e+01
 4.90000000e+01 4.80000000e+01 4.80000000e+01 4.80000000e+01 4.80000000e+01 4.90000000e+01 4.90000000e+01 4.80000000e+01
 4.90000000e+01 4.90000000e+01 4.80000000e+01 4.80000000e+01 4.90000000e+01 4.80000000e+01 4.80000000e+01 4.80000000e+01
 4.80000000e+01 4.80000000e+01 4.80000000e+01 4.80000000e+01 4.80000000e+01 4.80000000e+01 4.80000000e+01 4.90000000e+01
 4.90000000e+01 4.90000000e+01 4.80000000e+01 4.90000000e+01 4.90000000e+01 4.90000000e+01 4.80000000e+01 4.90000000e+01
 4.90000000e+01 4.90000000e+01 4.80000000e+01 4.90000000e+01 4.90000000e+01 4.80000000e+01 4.80000000e+01 4.80000000e+01
 4.80000000e+01 4.80000000e+01 4.80000000e+01 4.80000000e+01 4.80000000e+01 4.80000000e+01 4.80000000e+01 4.90000000e+01
 4.90000000e+01 4.90000000e+01 4.80000000e+01 4.90000000e+01 4.80000000e+01 4.80000000e+01 4.80000000e+01 4.90000000e+01
 4.90000000e+01 4.90000000e+01 4.80000000e+01 4.90000000e+01 4.90000000e+01 4.80000000e+01 4.90000000e+01 4.90000000e+01
 4.80000000e+01 4.80000000e+01 4.80000000e+01 4.80000000e+01 4.80000000e+01 4.80000000e+01 4.80000000e+01 4.90000000e+01
 4.90000000e+01 4.90000000e+01 4.90000000e+01 4.90000000e+01 4.80000000e+01 4.80000000e+01 4.80000000e+01 4.90000000e+01
 4.90000000e+01 4.80000000e+01 4.80000000e+01 4.90000000e+01 4.90000000e+01 4.80000000e+01 4.80000000e+01 4.90000000e+01
 4.80000000e+01 4.80000000e+01 4.80000000e+01 4.80000000e+01 4.80000000e+01 4.80000000e+01 4.90000000e+01 4.80000000e+01
 4.90000000e+01 4.90000000e+01 4.80000000e+01 4.80000000e+01 4.90000000e+01 4.90000000e+01 4.90000000e+01 4.90000000e+01
 4.90000000e+01 4.90000000e+01 4.90000000e+01 4.80000000e+01 4.90000000e+01 4.90000000e+01 4.90000000e+01 4.90000000e+01
 4.80000000e+01 4.80000000e+01 4.80000000e+01 4.80000000e+01 4.80000000e+01 4.80000000e+01 4.90000000e+01 4.80000000e+01
 4.90000000e+01 4.90000000e+01 4.80000000e+01 4.80000000e+01 4.80000000e+01 4.80000000e+01 4.80000000e+01 4.80000000e+01
 4.90000000e+01 4.90000000e+01 4.90000000e+01 4.90000000e+01 4.80000000e+01 4.90000000e+01 4.90000000e+01 4.90000000e+01
 4.80000000e+01 4.80000000e+01 4.80000000e+01 4.80000000e+01 4.80000000e+01 4.80000000e+01 4.90000000e+01 4.80000000e+01
 4.90000000e+01 4.80000000e+01 4.90000000e+01 4.80000000e+01 4.90000000e+01 4.90000000e+01 4.90000000e+01 4.90000000e+01
 4.90000000e+01 4.80000000e+01 4.80000000e+01 4.80000000e+01 4.80000000e+01 4.90000000e+01 4.80000000e+01 4.90000000e+01
 4.80000000e+01 4.80000000e+01 4.80000000e+01 4.80000000e+01 4.80000000e+01 4.80000000e+01 4.90000000e+01 4.90000000e+01
 4.90000000e+01 4.90000000e+01 4.80000000e+01 4.80000000e+01 4.80000000e+01 4.80000000e+01 4.90000000e+01 4.90000000e+01
 4.90000000e+01 4.80000000e+01 4.80000000e+01 4.90000000e+01 4.80000000e+01 4.90000000e+01 4.90000000e+01 4.80000000e+01
 4.80000000e+01 4.80000000e+01 4.80000000e+01 4.90000000e+01 4.80000000e+01 4.80000000e+01 4.90000000e+01 4.90000000e+01
 4.90000000e+01 4.80000000e+01 4.90000000e+01 4.80000000e+01 4.90000000e+01 4.80000000e+01 4.80000000e+01 4.80000000e+01
 4.90000000e+01 4.80000000e+01 4.80000000e+01 4.80000000e+01 4.90000000e+01 4.80000000e+01 4.90000000e+01 4.90000000e+01
 4.80000000e+01 4.80000000e+01 4.80000000e+01 4.90000000e+01 4.80000000e+01 4.90000000e+01 4.90000000e+01 4.90000000e+01
 4.90000000e+01 4.80000000e+01 4.80000000e+01 4.80000000e+01 4.80000000e+01 4.80000000e+01 4.80000000e+01 4.90000000e+01
 4.90000000e+01 4.80000000e+01 4.80000000e+01 4.80000000e+01 4.80000000e+01 4.80000000e+01 4.90000000e+01 4.80000000e+01
 4.80000000e+01 4.80000000e+01 4.80000000e+01 4.90000000e+01 4.90000000e+01 4.90000000e+01 4.90000000e+01 4.90000000e+01
 4.90000000e+01 4.90000000e+01 4.80000000e+01 4.90000000e+01 4.90000000e+01 4.80000000e+01 4.80000000e+01 4.90000000e+01
 4.90000000e+01 4.80000000e+01 4.80000000e+01 4.80000000e+01 4.80000000e+01 4.80000000e+01 4.80000000e+01 4.80000000e+01
 4.80000000e+01 4.80000000e+01 4.80000000e+01 4.80000000e+01 4.80000000e+01 4.80000000e+01 4.90000000e+01 4.90000000e+01
 4.90000000e+01 4.80000000e+01 4.90000000e+01 4.90000000e+01 4.90000000e+01 4.80000000e+01 4.90000000e+01 4.90000000e+01
 4.90000000e+01 4.90000000e+01 4.90000000e+01 4.90000000e+01 4.80000000e+01 4.80000000e+01 4.90000000e+01 4.90000000e+01
 4.80000000e+01 4.80000000e+01 4.80000000e+01 4.90000000e+01 4.80000000e+01 4.90000000e+01 4.90000000e+01 4.80000000e+01
 4.90000000e+01 4.90000000e+01 4.90000000e+01 4.80000000e+01 4.90000000e+01 4.80000000e+01 4.90000000e+01 4.90000000e+01
 4.90000000e+01 4.90000000e+01 4.80000000e+01 4.90000000e+01 4.90000000e+01 4.90000000e+01 4.80000000e+01 4.90000000e+01
 4.80000000e+01 4.80000000e+01 4.80000000e+01 4.90000000e+01 4.80000000e+01 4.80000000e+01 4.90000000e+01 4.80000000e+01
 4.90000000e+01 4.80000000e+01 4.80000000e+01 4.90000000e+01 4.80000000e+01 4.90000000e+01 4.90000000e+01 4.80000000e+01
 4.90000000e+01 4.80000000e+01 4.80000000e+01 4.90000000e+01 4.90000000e+01 4.90000000e+01 4.90000000e+01 4.80000000e+01
 4.80000000e+01 4.80000000e+01 4.80000000e+01 4.90000000e+01 4.90000000e+01 4.80000000e+01 4.90000000e+01 4.80000000e+01
 4.90000000e+01 4.80000000e+01 4.90000000e+01 4.80000000e+01 4.80000000e+01 4.80000000e+01 4.80000000e+01 4.90000000e+01
 4.90000000e+01 4.80000000e+01 4.80000000e+01 4.80000000e+01 4.80000000e+01 4.80000000e+01 4.90000000e+01 4.80000000e+01
 4.80000000e+01 4.80000000e+01 4.90000000e+01 4.90000000e+01 4.90000000e+01 4.80000000e+01 4.90000000e+01 4.80000000e+01
 4.90000000e+01 4.90000000e+01 4.80000000e+01 4.80000000e+01 4.90000000e+01 4.90000000e+01 4.90000000e+01 4.90000000e+01
 4.90000000e+01 4.90000000e+01 4.80000000e+01 4.80000000e+01 4.90000000e+01 4.90000000e+01 4.90000000e+01 4.90000000e+01
 4.80000000e+01 4.80000000e+01 4.90000000e+01 4.90000000e+01 4.90000000e+01 4.90000000e+01 4.80000000e+01 4.90000000e+01
 4.90000000e+01 4.80000000e+01 4.90000000e+01 4.90000000e+01 4.90000000e+01 4.80000000e+01 4.80000000e+01 4.80000000e+01
 4.90000000e+01 4.90000000e+01 4.80000000e+01 4.90000000e+01 4.80000000e+01 4.80000000e+01 4.90000000e+01 4.80000000e+01
 4.80000000e+01 4.80000000e+01 4.80000000e+01 4.80000000e+01 4.80000000e+01 4.80000000e+01 4.80000000e+01 4.90000000e+01
 4.90000000e+01 4.80000000e+01 4.90000000e+01 4.90000000e+01 4.90000000e+01 4.90000000e+01 4.90000000e+01 4.80000000e+01
 4.90000000e+01 4.90000000e+01 4.90000000e+01 4.80000000e+01 4.80000000e+01 4.90000000e+01 4.80000000e+01 4.90000000e+01
 4.80000000e+01 4.80000000e+01 4.80000000e+01 4.80000000e+01 4.80000000e+01 4.80000000e+01 4.80000000e+01 4.90000000e+01
 4.90000000e+01 4.80000000e+01 4.90000000e+01 4.80000000e+01 4.80000000e+01 4.90000000e+01 4.90000000e+01 4.80000000e+01
 4.90000000e+01 4.90000000e+01 4.90000000e+01 4.80000000e+01 4.90000000e+01 4.80000000e+01 4.80000000e+01 4.80000000e+01
 4.80000000e+01 4.80000000e+01 4.80000000e+01 4.80000000e+01 4.80000000e+01 4.80000000e+01 4.80000000e+01 4.90000000e+01
 4.90000000e+01 4.90000000e+01 4.80000000e+01 4.90000000e+01 4.90000000e+01 4.80000000e+01 4.90000000e+01 4.90000000e+01
 4.90000000e+01 4.80000000e+01 4.90000000e+01 4.80000000e+01 4.90000000e+01 4.80000000e+01 4.80000000e+01 4.80000000e+01
 4.80000000e+01 4.80000000e+01 4.80000000e+01 4.80000000e+01 4.80000000e+01 4.80000000e+01 4.90000000e+01 4.80000000e+01
 4.90000000e+01 4.80000000e+01 4.90000000e+01 4.80000000e+01 4.90000000e+01 4.80000000e+01 4.80000000e+01 4.80000000e+01
 4.90000000e+01 4.90000000e+01 4.90000000e+01 4.90000000e+01 4.80000000e+01 4.90000000e+01 4.90000000e+01 4.80000000e+01
 4.80000000e+01 4.80000000e+01 4.80000000e+01 4.80000000e+01 4.80000000e+01 4.80000000e+01 4.90000000e+01 4.80000000e+01
 4.90000000e+01 4.80000000e+01 4.90000000e+01 4.80000000e+01 4.90000000e+01 4.80000000e+01 4.80000000e+01 4.90000000e+01
 4.90000000e+01 4.90000000e+01 4.90000000e+01 4.90000000e+01 4.90000000e+01 4.90000000e+01 4.80000000e+01 4.80000000e+01
 4.80000000e+01 4.80000000e+01 4.80000000e+01 4.80000000e+01 4.80000000e+01 4.80000000e+01 4.90000000e+01 4.80000000e+01
 4.90000000e+01 4.90000000e+01 4.80000000e+01 4.90000000e+01 4.80000000e+01 4.80000000e+01 4.90000000e+01 4.80000000e+01
 4.90000000e+01 4.80000000e+01 4.80000000e+01 4.80000000e+01 4.90000000e+01 4.80000000e+01 4.80000000e+01 4.90000000e+01
 4.80000000e+01 4.80000000e+01 4.80000000e+01 4.80000000e+01 4.80000000e+01 4.80000000e+01 4.90000000e+01 4.90000000e+01
 4.90000000e+01 4.90000000e+01 4.80000000e+01 4.90000000e+01 4.80000000e+01 4.90000000e+01 4.90000000e+01 4.90000000e+01
 4.90000000e+01 4.80000000e+01 4.80000000e+01 4.90000000e+01 4.90000000e+01 4.90000000e+01 4.80000000e+01 4.80000000e+01
 4.80000000e+01 4.80000000e+01 4.80000000e+01 4.90000000e+01 4.80000000e+01 4.80000000e+01 4.90000000e+01 4.90000000e+01
 4.90000000e+01 4.90000000e+01 4.80000000e+01 4.80000000e+01 4.80000000e+01 4.80000000e+01 4.90000000e+01 4.90000000e+01
 4.90000000e+01 4.80000000e+01 4.80000000e+01 4.90000000e+01 4.80000000e+01 4.80000000e+01 4.80000000e+01 4.90000000e+01
 4.80000000e+01 4.80000000e+01 4.80000000e+01 4.90000000e+01 4.80000000e+01 4.90000000e+01 4.90000000e+01 4.90000000e+01
 4.90000000e+01 4.80000000e+01 4.80000000e+01 4.90000000e+01 4.90000000e+01 4.90000000e+01 4.80000000e+01 4.80000000e+01
 4.90000000e+01 4.80000000e+01 4.80000000e+01 4.80000000e+01 4.80000000e+01 4.90000000e+01 4.90000000e+01 4.80000000e+01
 4.80000000e+01 4.80000000e+01 4.80000000e+01 4.90000000e+01 4.90000000e+01 4.90000000e+01 4.90000000e+01 4.90000000e+01
 4.90000000e+01 4.80000000e+01 4.90000000e+01 4.90000000e+01 4.80000000e+01 4.90000000e+01 4.90000000e+01 4.80000000e+01
 4.90000000e+01 4.80000000e+01 4.80000000e+01 4.80000000e+01 4.80000000e+01 4.90000000e+01 4.80000000e+01 4.80000000e+01
 4.80000000e+01 4.80000000e+01 4.80000000e+01 4.80000000e+01 4.80000000e+01 4.80000000e+01 4.90000000e+01 4.90000000e+01
 4.90000000e+01 4.80000000e+01 4.80000000e+01 4.80000000e+01 4.90000000e+01 4.90000000e+01 4.90000000e+01 4.90000000e+01
 4.90000000e+01 4.90000000e+01 4.90000000e+01 4.90000000e+01 4.90000000e+01 4.80000000e+01 4.80000000e+01 4.80000000e+01
 4.80000000e+01 4.80000000e+01 4.80000000e+01 4.90000000e+01 4.80000000e+01 4.90000000e+01 4.90000000e+01 4.80000000e+01
 4.90000000e+01 4.80000000e+01 4.90000000e+01 4.80000000e+01 4.90000000e+01 4.90000000e+01 4.80000000e+01 4.80000000e+01
 4.90000000e+01 4.90000000e+01 4.90000000e+01 4.80000000e+01 4.80000000e+01 4.80000000e+01 4.90000000e+01 4.90000000e+01
 4.80000000e+01 4.80000000e+01 4.80000000e+01 4.90000000e+01 4.80000000e+01 4.80000000e+01 4.90000000e+01 4.80000000e+01
 4.90000000e+01 4.90000000e+01 4.90000000e+01 4.80000000e+01 4.90000000e+01 4.90000000e+01 4.90000000e+01 4.90000000e+01
 4.90000000e+01 4.80000000e+01 4.90000000e+01 4.80000000e+01 4.90000000e+01 4.80000000e+01 4.90000000e+01 4.90000000e+01
 4.80000000e+01 4.80000000e+01 4.80000000e+01 4.90000000e+01 4.90000000e+01 4.90000000e+01 4.90000000e+01 4.80000000e+01
 4.90000000e+01 4.80000000e+01 4.90000000e+01 4.80000000e+01 4.90000000e+01 4.80000000e+01 4.90000000e+01 4.90000000e+01
 4.90000000e+01 4.80000000e+01 4.80000000e+01 4.90000000e+01 4.80000000e+01 4.80000000e+01 4.80000000e+01 4.80000000e+01
 4.80000000e+01 4.80000000e+01 4.90000000e+01 4.90000000e+01 4.90000000e+01 4.80000000e+01 4.90000000e+01 4.80000000e+01
 4.90000000e+01 4.90000000e+01 4.80000000e+01 4.80000000e+01 4.90000000e+01 4.80000000e+01 4.80000000e+01 4.90000000e+01
 4.90000000e+01 4.90000000e+01 4.80000000e+01 4.90000000e+01 4.90000000e+01 4.80000000e+01 4.90000000e+01 4.80000000e+01
 4.80000000e+01 4.80000000e+01 4.90000000e+01 4.90000000e+01 4.90000000e+01 4.90000000e+01 4.80000000e+01 4.90000000e+01
 4.90000000e+01 4.80000000e+01 4.90000000e+01 4.90000000e+01 4.80000000e+01 4.90000000e+01 4.90000000e+01 4.80000000e+01
 4.90000000e+01 4.90000000e+01 4.80000000e+01 4.90000000e+01 4.90000000e+01 4.90000000e+01 4.90000000e+01 4.80000000e+01
 4.80000000e+01 4.80000000e+01 4.80000000e+01 4.80000000e+01 4.80000000e+01 4.80000000e+01 4.80000000e+01 4.90000000e+01
 4.90000000e+01 4.80000000e+01 4.80000000e+01 4.80000000e+01 4.80000000e+01 4.90000000e+01 4.90000000e+01 4.90000000e+01
 4.90000000e+01 4.90000000e+01 4.90000000e+01 4.90000000e+01 4.80000000e+01 4.80000000e+01 4.90000000e+01 4.90000000e+01
 4.80000000e+01 4.80000000e+01 4.80000000e+01 4.80000000e+01 4.80000000e+01 4.80000000e+01 4.80000000e+01 4.90000000e+01
 4.90000000e+01 4.90000000e+01 4.80000000e+01 4.80000000e+01 4.90000000e+01 4.90000000e+01 4.90000000e+01 4.90000000e+01
 4.90000000e+01 4.90000000e+01 4.90000000e+01 4.90000000e+01 4.80000000e+01 4.90000000e+01 4.80000000e+01 4.90000000e+01
 4.80000000e+01 4.80000000e+01 4.80000000e+01 4.80000000e+01 4.80000000e+01 4.80000000e+01 4.80000000e+01 4.90000000e+01
 4.90000000e+01 4.90000000e+01 4.80000000e+01 4.80000000e+01 4.80000000e+01 4.80000000e+01 4.80000000e+01 4.90000000e+01
 4.90000000e+01 4.80000000e+01 4.90000000e+01 4.90000000e+01 4.80000000e+01 4.90000000e+01 4.90000000e+01 4.90000000e+01
 4.80000000e+01 4.80000000e+01 4.80000000e+01 4.80000000e+01 4.80000000e+01 4.80000000e+01 4.90000000e+01 4.80000000e+01
 4.90000000e+01 4.80000000e+01 4.90000000e+01 4.80000000e+01 4.80000000e+01 4.80000000e+01 4.80000000e+01 4.80000000e+01
 4.90000000e+01 4.90000000e+01 4.90000000e+01 4.90000000e+01 4.90000000e+01 4.80000000e+01 4.90000000e+01 4.80000000e+01
 4.80000000e+01 4.80000000e+01 4.80000000e+01 4.80000000e+01 4.80000000e+01 4.80000000e+01 4.90000000e+01 4.80000000e+01
 4.90000000e+01 4.90000000e+01 4.90000000e+01 4.80000000e+01 4.80000000e+01 4.90000000e+01 4.80000000e+01 4.90000000e+01
 4.90000000e+01 4.90000000e+01 4.90000000e+01 4.90000000e+01 4.90000000e+01 4.90000000e+01 4.90000000e+01 4.80000000e+01
 4.80000000e+01 4.80000000e+01 4.80000000e+01 4.80000000e+01 4.80000000e+01 4.80000000e+01 4.90000000e+01 4.80000000e+01
 4.90000000e+01 4.90000000e+01 4.80000000e+01 4.80000000e+01 4.80000000e+01 4.90000000e+01 4.90000000e+01 4.90000000e+01
 4.90000000e+01 4.80000000e+01 4.80000000e+01 4.80000000e+01 4.90000000e+01 4.80000000e+01 4.90000000e+01 4.90000000e+01
 4.80000000e+01 4.80000000e+01 4.80000000e+01 4.80000000e+01 4.80000000e+01 4.80000000e+01 4.90000000e+01 4.90000000e+01
 4.90000000e+01 4.90000000e+01 4.90000000e+01 4.90000000e+01 4.90000000e+01 4.90000000e+01 4.80000000e+01 4.80000000e+01
 4.90000000e+01 4.80000000e+01 4.80000000e+01 4.90000000e+01 4.90000000e+01 4.90000000e+01 4.90000000e+01 4.80000000e+01
 4.80000000e+01 4.80000000e+01 4.80000000e+01 4.90000000e+01 4.80000000e+01 4.80000000e+01 4.90000000e+01 4.90000000e+01
 4.90000000e+01 4.80000000e+01 4.90000000e+01 4.80000000e+01 4.80000000e+01 4.80000000e+01 4.90000000e+01 4.80000000e+01
 4.90000000e+01 4.80000000e+01 4.80000000e+01 4.90000000e+01 4.80000000e+01 4.90000000e+01 4.80000000e+01 4.80000000e+01
 4.80000000e+01 4.80000000e+01 4.80000000e+01 4.90000000e+01 4.80000000e+01 4.90000000e+01 4.90000000e+01 4.90000000e+01
 4.90000000e+01 4.90000000e+01 4.90000000e+01 4.80000000e+01 4.80000000e+01 4.90000000e+01 4.90000000e+01 4.90000000e+01
 4.90000000e+01 4.80000000e+01 4.80000000e+01 4.80000000e+01 4.90000000e+01 4.80000000e+01 4.80000000e+01 4.80000000e+01
 4.80000000e+01 4.80000000e+01 4.80000000e+01 4.90000000e+01 4.90000000e+01 4.90000000e+01 4.90000000e+01 4.90000000e+01
 4.90000000e+01 4.90000000e+01 4.90000000e+01 4.90000000e+01 4.80000000e+01 4.80000000e+01 4.90000000e+01 4.80000000e+01
 4.90000000e+01 4.80000000e+01 4.80000000e+01 4.80000000e+01 4.80000000e+01 4.90000000e+01 4.90000000e+01 4.80000000e+01
 4.80000000e+01 4.80000000e+01 4.80000000e+01 4.80000000e+01 4.80000000e+01 4.80000000e+01 4.90000000e+01 4.90000000e+01
 4.90000000e+01 4.80000000e+01 4.90000000e+01 4.90000000e+01 4.90000000e+01 4.90000000e+01 4.90000000e+01 4.80000000e+01
 4.90000000e+01 4.90000000e+01 4.90000000e+01 4.90000000e+01 4.90000000e+01 4.80000000e+01 4.90000000e+01 4.90000000e+01
 4.80000000e+01 4.80000000e+01 4.80000000e+01 4.90000000e+01 4.80000000e+01 4.90000000e+01 4.90000000e+01 4.80000000e+01
 4.90000000e+01 4.90000000e+01 4.80000000e+01 4.90000000e+01 4.90000000e+01 4.80000000e+01 4.90000000e+01 4.90000000e+01
 4.90000000e+01 4.90000000e+01 4.90000000e+01 4.80000000e+01 4.80000000e+01 4.90000000e+01 4.90000000e+01 4.90000000e+01
 4.80000000e+01 4.80000000e+01 4.80000000e+01 4.90000000e+01 4.80000000e+01 4.90000000e+01 4.90000000e+01 4.80000000e+01
 4.90000000e+01 4.80000000e+01 4.80000000e+01 4.90000000e+01 4.90000000e+01 4.80000000e+01 4.80000000e+01 4.80000000e+01
 4.90000000e+01 4.80000000e+01 4.90000000e+01 4.90000000e+01 4.90000000e+01 4.80000000e+01 4.80000000e+01 4.90000000e+01
 4.80000000e+01 4.80000000e+01 4.80000000e+01 4.80000000e+01 4.80000000e+01 4.80000000e+01 4.90000000e+01 4.80000000e+01
 4.90000000e+01 4.90000000e+01 4.80000000e+01 4.80000000e+01 4.80000000e+01 4.80000000e+01 4.80000000e+01 4.90000000e+01
 4.90000000e+01 4.80000000e+01 4.80000000e+01 4.90000000e+01 4.90000000e+01 4.90000000e+01 4.90000000e+01 4.80000000e+01
 4.80000000e+01 4.80000000e+01 4.90000000e+01 4.90000000e+01 4.90000000e+01 4.80000000e+01 4.90000000e+01 4.80000000e+01
 4.90000000e+01 4.80000000e+01 4.90000000e+01 4.80000000e+01 4.80000000e+01 4.90000000e+01 4.80000000e+01 4.80000000e+01
