11110010
11011000
00010011
11010011
11011000
00010111
10001000
11011000
00000111
10010001
11011001
00011011
11010101
11010111
00111011
10110000
11010111
00111111
10110110
11011110
00000011
11001111
11011100
00000011
10011001
11100001
00000011
10011000
11100001
00000011
10011110
11011001
00000011
10000011
11011100
00000011
11101101
11010100
00000011
10111111
11000110
00010111
10011110
11000001
00001011
11101110
11010001
00011011
10111010
11010100
00010011
10011001
11010101
00010111
10111010
11010101
00000111
11011101
11010110
00011111
10110010
11010101
00111011
10100000
11010101
00111111
10111010
11011100
00000011
11000100
11011010
00000011
11101110
11011110
00000011
11011001
11011110
00000011
10101110
11010110
00000011
11100100
11011000
00000011
11101100
11010000
00000011
11011010
10111111
00010111
11000010
10111010
00001011
11100111
11001101
00011011
11110100
11010000
00010011
10101101
11010010
00010111
10010100
11010011
00001011
11011010
11010100
00000011
10101110
11010011
00111011
10110100
11010011
00111111
11011001
11011010
00000011
11001110
11011000
00000011
11010101
11011100
00000011
10111001
11011100
00000011
11011100
11010011
00000011
11011110
11010101
00000011
10100101
11001101
00000011
11100010
10111001
00010111
10001011
10110101
00001011
11010011
11001010
00011011
10001001
11001110
00010011
11110111
11001111
00010111
10100110
11010001
00001011
10010010
11010011
00000111
11111001
11010001
00111011
10001001
11010010
00111111
11000011
11011001
00000011
11000000
11010111
00000011
10111100
11011011
00000011
10101100
11011011
00000011
11001001
11010010
00000011
10111110
11010100
00000011
11111110
11001011
00000011
10101010
10110111
00010111
11111110
10110010
00001011
10111101
11001001
00011011
11101110
11001100
00010011
11101101
11001110
00010111
10100101
11010000
00001011
10100010
11010010
00001011
10100000
11010001
00111011
10100100
11010001
00111111
11110011
11011000
00000011
11011111
11010110
00000011
11001100
11011010
00000011
11001111
11011010
00000011
11100011
11010001
00000011
11011011
11010011
00000011
11111001
11001010
00000011
10011100
10110101
00010111
10011101
10110001
00001011
10110100
11001000
00011011
11011010
11001011
00010011
11011000
11001101
00010111
10111010
11001111
00001011
10101110
11010001
00001111
10110010
11010000
00111011
10101001
11010000
00111111
11111101
11010111
00000011
11100111
11010101
00000011
11010001
11011001
00000011
11101000
11011001
00000011
11101101
11010000
00000011
11001101
11010010
00000011
11001101
11001001
00000011
10100100
10110010
00010111
11000111
10101110
00001011
11101110
11000110
00011011
10001000
11001010
00010011

