217 
230 
3 
224 
236 
3 
239 
237 
3 
185 
232 
3 
190 
237 
3 
205 
234 
3 
220 
232 
23 
188 
229 
11 
179 
234 
27 
192 
233 
19 
197 
230 
23 
240 
226 
7 
226 
226 
11 
188 
224 
59 
233 
223 
63 
197 
230 
3 
242 
229 
3 
216 
235 
3 
206 
236 
3 
223 
230 
3 
195 
235 
3 
223 
231 
3 
188 
228 
23 
200 
224 
11 
247 
230 
27 
205 
230 
19 
254 
227 
23 
236 
224 
7 
236 
224 
15 
216 
222 
59 
252 
221 
63 
251 
228 
3 
133 
228 
3 
208 
233 
3 
146 
234 
3 
233 
227 
3 
147 
232 
3 
205 
227 
3 
152 
222 
23 
238 
217 
11 
163 
226 
27 
197 
226 
19 
197 
224 
23 
136 
222 
7 
172 
222 
19 
189 
220 
59 
225 
219 
63 
225 
226 
3 
202 
225 
3 
220 
230 
3 
137 
231 
3 
140 
224 
3 
243 
227 
3 
200 
222 
3 
225 
214 
23 
143 
210 
11 
238 
220 
27 
219 
221 
19 
216 
220 
23 
131 
219 
7 
223 
219 
23 
142 
218 
59 
204 
217 
63 
219 
224 
3 
146 
223 
3 
130 
228 
3 
145 
228 
3 
225 
220 
3 
141 
224 
3 
241 
217 
3 
242 
206 
23 
216 
201 
11 
157 
215 
27 
242 
216 
19 
211 
216 
23 
136 
216 
7 
145 
217 
27 
213 
215 
59 
176 
215 
63 
182 
222 
3 
207 
220 
3 
153 
225 
3 
152 
225 
3 
158 
217 
3 
131 
220 
3 
237 
212 
3 
191 
198 
23 
158 
193 
11 
238 
209 
27 
186 
212 
19 
153 
213 
23 
186 
213 
7 
221 
214 
31 
178 
213 
59 
160 
213 
63 
186 
220 
3 
196 
218 
3 
238 
222 
3 
217 
222 
3 
174 
214 
3 
228 
216 
3 
236 
208 
3 
218 
191 
23 
194 
186 
11 
231 
205 
27 
244 
208 
19 
173 
210 
23 
148 
211 
11 
218 
212 
3 
174 
211 
59 
180 
211 
63 
217 
218 
3 
206 
216 
3 
213 
220 
3 
185 
220 
3 
220 
211 
3 
222 
213 
3 
165 
205 
3 
226 
185 
23 
139 
181 
11 
211 
202 
27 
137 
206 
19 
247 
207 
23 
166 
209 
11 
146 
211 
7 
249 
209 
59 
137 
210 
63 
195 
217 
3 
192 
215 
3 
188 
219 
3 
172 
219 
3 
201 
210 
3 
190 
212 
3 
254 
203 
3 
170 
183 
23 
254 
178 
11 
189 
201 
27 
238 
204 
19 
237 
206 
23 
165 
208 
11 
162 
210 
11 
160 
209 
59 
164 
209 
63 
243 
216 
3 
223 
214 
3 
204 
218 
3 
207 
218 
3 
227 
209 
3 
219 
211 
3 
249 
202 
3 
156 
181 
23 
157 
177 
11 
180 
200 
27 
218 
203 
19 
216 
205 
23 
186 
207 
11 
174 
209 
15 
178 
208 
59 
169 
208 
63 
253 
215 
3 
231 
213 
3 
209 
217 
3 
232 
217 
3 
237 
208 
3 
205 
210 
3 
205 
201 
3 
164 
178 
23 
199 
174 
11 
238 
198 
27 
136 
202 
19 
